#    3.740    8.769    4.094    1.660   -3.734   98.340  0.889386  0.365899  0.633558
2014 12 01 00   18.17
2014 12 01 01   22.23
2014 12 01 02   25.85
2014 12 01 03   28.72
2014 12 01 04   30.79
2014 12 01 05   32.18
2014 12 01 06   33.02
2014 12 01 07   18.17
2014 12 01 08   22.23
2014 12 01 09   25.85
2014 12 01 10   28.72
2014 12 01 11   30.79
2014 12 01 12   32.18
2014 12 01 13   33.02
2014 12 01 14   33.46
2014 12 01 15   33.86
2014 12 01 16   34.41
2014 12 01 17   34.78
2014 12 01 18   34.87
2014 12 01 19   34.71
2014 12 01 20   34.55
2014 12 01 21   34.30
2014 12 01 22   33.89
2014 12 01 23   33.34
2014 12 02 00   32.72
2014 12 02 01   32.06
2014 12 02 02   31.40
2014 12 02 03   30.75
2014 12 02 04   30.14
2014 12 02 05   29.56
2014 12 02 06   29.02
2014 12 02 07   28.51
2014 12 02 08   28.04
2014 12 02 09   27.68
2014 12 02 10   27.37
2014 12 02 11   27.06
2014 12 02 12   26.72
2014 12 02 13   26.36
2014 12 02 14   25.99
2014 12 02 15   25.63
2014 12 02 16   25.27
2014 12 02 17   24.91
2014 12 02 18   24.56
2014 12 02 19   24.22
2014 12 02 20   23.88
2014 12 02 21   23.55
2014 12 02 22   23.24
2014 12 02 23   22.93
2014 12 03 00   22.63
2014 12 03 01   22.34
2014 12 03 02   22.06
2014 12 03 03   21.79
2014 12 03 04   21.52
2014 12 03 05   21.25
2014 12 03 06   21.00
2014 12 03 07   20.74
2014 12 03 08   20.54
2014 12 03 09   20.38
2014 12 03 10   20.21
2014 12 03 11   20.01
2014 12 03 12   19.83
2014 12 03 13   19.62
2014 12 03 14   19.39
2014 12 03 15   19.16
2014 12 03 16   18.92
2014 12 03 17   18.72
2014 12 03 18   18.51
2014 12 03 19   18.30
2014 12 03 20   18.08
2014 12 03 21   17.86
2014 12 03 22   17.65
2014 12 03 23   17.44
2014 12 04 00   17.25
2014 12 04 01   17.48
2014 12 04 02   17.67
2014 12 04 03   17.77
2014 12 04 04   17.72
2014 12 04 05   17.57
2014 12 04 06   17.35
2014 12 04 07   17.10
2014 12 04 08   16.84
2014 12 04 09   16.59
2014 12 04 10   16.34
2014 12 04 11   16.12
2014 12 04 12   16.02
2014 12 04 13   15.91
2014 12 04 14   15.78
2014 12 04 15   15.62
2014 12 04 16   15.44
2014 12 04 17   15.26
2014 12 04 18   15.08
2014 12 04 19   14.90
2014 12 04 20   14.73
2014 12 04 21   14.57
2014 12 04 22   14.41
2014 12 04 23   14.26
2014 12 05 00   14.11
2014 12 05 01   14.03
2014 12 05 02   13.98
2014 12 05 03   13.92
2014 12 05 04   13.83
2014 12 05 05   13.77
2014 12 05 06   13.70
2014 12 05 07   13.61
2014 12 05 08   13.51
2014 12 05 09   13.42
2014 12 05 10   13.34
2014 12 05 11   13.25
2014 12 05 12   13.16
2014 12 05 13   13.12
2014 12 05 14   13.13
2014 12 05 15   13.17
2014 12 05 16   13.24
2014 12 05 17   13.38
2014 12 05 18   13.50
2014 12 05 19   13.56
2014 12 05 20   13.53
2014 12 05 21   14.24
2014 12 05 22   17.46
2014 12 05 23   22.24
2014 12 06 00   27.05
2014 12 06 01   30.67
2014 12 06 02   33.07
2014 12 06 03   34.16
2014 12 06 04   33.71
2014 12 06 05   32.28
2014 12 06 06   30.28
2014 12 06 07   28.12
2014 12 06 08   26.07
2014 12 06 09   24.21
2014 12 06 10   22.55
2014 12 06 11   21.18
2014 12 06 12   20.14
2014 12 06 13   19.28
2014 12 06 14   18.50
2014 12 06 15   17.84
2014 12 06 16   17.35
2014 12 06 17   16.91
2014 12 06 18   16.57
2014 12 06 19   16.39
2014 12 06 20   16.30
2014 12 06 21   16.24
2014 12 06 22   16.29
2014 12 06 23   16.28
2014 12 07 00   16.11
2014 12 07 01   15.82
2014 12 07 02   15.46
2014 12 07 03   15.08
2014 12 07 04   14.76
2014 12 07 05   14.57
2014 12 07 06   14.45
2014 12 07 07   14.30
2014 12 07 08   14.11
2014 12 07 09   13.91
2014 12 07 10   13.77
2014 12 07 11   13.68
2014 12 07 12   13.58
2014 12 07 13   13.47
2014 12 07 14   13.34
2014 12 07 15   13.17
2014 12 07 16   12.98
2014 12 07 17   12.78
2014 12 07 18   12.59
2014 12 07 19   12.40
2014 12 07 20   12.23
2014 12 07 21   12.07
2014 12 07 22   11.93
2014 12 07 23   11.79
2014 12 08 00   11.67
2014 12 08 01   11.55
2014 12 08 02   11.45
2014 12 08 03   11.34
2014 12 08 04   11.24
2014 12 08 05   11.15
2014 12 08 06   11.06
2014 12 08 07   10.97
2014 12 08 08   10.89
2014 12 08 09   10.80
2014 12 08 10   10.72
2014 12 08 11   10.64
2014 12 08 12   10.57
2014 12 08 13   10.49
2014 12 08 14   10.42
2014 12 08 15   10.34
2014 12 08 16   10.27
2014 12 08 17   10.20
2014 12 08 18   10.13
2014 12 08 19   10.06
2014 12 08 20   10.00
2014 12 08 21    9.93
2014 12 08 22    9.86
2014 12 08 23    9.80
2014 12 09 00    9.74
2014 12 09 01    9.68
2014 12 09 02    9.61
2014 12 09 03    9.55
2014 12 09 04    9.49
2014 12 09 05    9.44
2014 12 09 06    9.38
2014 12 09 07    9.32
2014 12 09 08    9.27
2014 12 09 09    9.21
2014 12 09 10    9.16
2014 12 09 11    9.11
2014 12 09 12    9.07
2014 12 09 13    9.02
2014 12 09 14    8.98
2014 12 09 15    8.95
2014 12 09 16    8.91
2014 12 09 17    8.87
2014 12 09 18    8.82
2014 12 09 19    8.77
2014 12 09 20    8.73
2014 12 09 21    8.71
2014 12 09 22    8.67
2014 12 09 23    8.62
2014 12 10 00    8.58
2014 12 10 01    8.54
2014 12 10 02    8.49
2014 12 10 03    8.45
2014 12 10 04    8.41
2014 12 10 05    8.36
2014 12 10 06    8.32
2014 12 10 07    8.28
2014 12 10 08    8.24
2014 12 10 09    8.20
2014 12 10 10    8.16
2014 12 10 11    8.13
2014 12 10 12    8.10
2014 12 10 13    8.06
2014 12 10 14    8.03
2014 12 10 15    8.00
2014 12 10 16    7.96
2014 12 10 17    7.92
2014 12 10 18    7.89
2014 12 10 19    7.85
2014 12 10 20    7.82
2014 12 10 21    7.78
2014 12 10 22    7.75
2014 12 10 23    7.72
2014 12 11 00    7.68
2014 12 11 01    7.65
2014 12 11 02    7.62
2014 12 11 03    7.58
2014 12 11 04    7.55
2014 12 11 05    7.52
2014 12 11 06    7.49
2014 12 11 07    7.46
2014 12 11 08    7.43
2014 12 11 09    7.40
2014 12 11 10    7.37
2014 12 11 11    7.34
2014 12 11 12    7.31
2014 12 11 13    7.28
2014 12 11 14    7.26
2014 12 11 15    7.23
2014 12 11 16    7.20
2014 12 11 17    7.17
2014 12 11 18    7.15
2014 12 11 19    7.12
2014 12 11 20    7.10
2014 12 11 21    7.07
2014 12 11 22    7.04
2014 12 11 23    7.02
2014 12 12 00    7.00
2014 12 12 01    6.97
2014 12 12 02    6.95
2014 12 12 03    6.92
2014 12 12 04    6.90
2014 12 12 05    6.88
2014 12 12 06    6.85
2014 12 12 07    6.83
2014 12 12 08    6.81
2014 12 12 09    6.79
2014 12 12 10    6.76
2014 12 12 11    6.74
2014 12 12 12    6.72
2014 12 12 13    6.70
2014 12 12 14    6.68
2014 12 12 15    6.67
2014 12 12 16    6.65
2014 12 12 17    6.63
2014 12 12 18    6.62
2014 12 12 19    6.60
2014 12 12 20    6.58
2014 12 12 21    6.56
2014 12 12 22    6.54
2014 12 12 23    6.52
2014 12 13 00    6.50
2014 12 13 01    6.48
2014 12 13 02    6.47
2014 12 13 03    6.45
2014 12 13 04    6.43
2014 12 13 05    6.41
2014 12 13 06    6.39
2014 12 13 07    6.37
2014 12 13 08    6.36
2014 12 13 09    6.34
2014 12 13 10    6.32
2014 12 13 11    6.30
2014 12 13 12    6.29
2014 12 13 13    6.27
2014 12 13 14    6.25
2014 12 13 15    6.25
2014 12 13 16    6.24
2014 12 13 17    6.23
2014 12 13 18    6.22
2014 12 13 19    6.22
2014 12 13 20    6.21
2014 12 13 21    6.26
2014 12 13 22    6.37
2014 12 13 23    6.43
2014 12 14 00    6.47
2014 12 14 01    6.54
2014 12 14 02    6.72
2014 12 14 03    7.04
2014 12 14 04    7.53
2014 12 14 05    7.76
2014 12 14 06    7.85
2014 12 14 07    8.56
2014 12 14 08    9.24
2014 12 14 09    9.58
2014 12 14 10    9.63
2014 12 14 11    9.54
2014 12 14 12    9.38
2014 12 14 13    9.20
2014 12 14 14    9.02
2014 12 14 15    8.85
2014 12 14 16    8.69
2014 12 14 17    8.55
2014 12 14 18    8.43
2014 12 14 19    8.32
2014 12 14 20    8.23
2014 12 14 21    8.17
2014 12 14 22    8.13
2014 12 14 23    8.09
2014 12 15 00    8.11
2014 12 15 01    8.12
2014 12 15 02    8.11
2014 12 15 03    8.07
2014 12 15 04    8.05
2014 12 15 05    8.02
2014 12 15 06    7.99
2014 12 15 07    7.98
2014 12 15 08    7.95
2014 12 15 09    7.92
2014 12 15 10    7.89
2014 12 15 11    7.85
2014 12 15 12    7.80
2014 12 15 13    7.76
2014 12 15 14    7.71
2014 12 15 15    7.66
2014 12 15 16    7.62
2014 12 15 17    7.57
2014 12 15 18    7.53
2014 12 15 19    7.48
2014 12 15 20    7.44
2014 12 15 21    7.40
2014 12 15 22    7.36
2014 12 15 23    7.32
2014 12 16 00    7.28
2014 12 16 01    7.24
2014 12 16 02    7.21
2014 12 16 03    7.17
2014 12 16 04    7.13
2014 12 16 05    7.10
2014 12 16 06    7.06
2014 12 16 07    7.03
2014 12 16 08    7.00
2014 12 16 09    6.96
2014 12 16 10    6.93
2014 12 16 11    6.90
2014 12 16 12    6.86
2014 12 16 13    6.83
2014 12 16 14    6.80
2014 12 16 15    6.77
2014 12 16 16    6.74
2014 12 16 17    6.71
2014 12 16 18    6.68
2014 12 16 19    6.65
2014 12 16 20    6.62
2014 12 16 21    6.60
2014 12 16 22    6.57
2014 12 16 23    6.54
2014 12 17 00    6.51
2014 12 17 01    6.49
2014 12 17 02    6.46
2014 12 17 03    6.43
2014 12 17 04    6.41
2014 12 17 05    6.38
2014 12 17 06    6.36
2014 12 17 07    6.33
2014 12 17 08    6.31
2014 12 17 09    6.28
2014 12 17 10    6.26
2014 12 17 11    6.24
2014 12 17 12    6.23
2014 12 17 13    6.21
2014 12 17 14    6.19
2014 12 17 15    6.17
2014 12 17 16    6.15
2014 12 17 17    6.13
2014 12 17 18    6.11
2014 12 17 19    6.08
2014 12 17 20    6.06
2014 12 17 21    6.04
2014 12 17 22    6.02
2014 12 17 23    6.00
2014 12 18 00    5.98
2014 12 18 01    5.96
2014 12 18 02    5.94
2014 12 18 03    5.92
2014 12 18 04    5.90
2014 12 18 05    5.88
2014 12 18 06    5.86
2014 12 18 07    5.84
2014 12 18 08    5.82
2014 12 18 09    5.81
2014 12 18 10    5.79
2014 12 18 11    5.79
2014 12 18 12    5.78
2014 12 18 13    5.77
2014 12 18 14    5.77
2014 12 18 15    5.77
2014 12 18 16    5.75
2014 12 18 17    5.74
2014 12 18 18    5.73
2014 12 18 19    5.71
2014 12 18 20    5.69
2014 12 18 21    5.68
2014 12 18 22    5.66
2014 12 18 23    5.64
2014 12 19 00    5.63
2014 12 19 01    5.61
2014 12 19 02    5.59
2014 12 19 03    5.58
2014 12 19 04    5.56
2014 12 19 05    5.54
2014 12 19 06    5.53
2014 12 19 07    5.51
2014 12 19 08    5.50
2014 12 19 09    5.48
2014 12 19 10    5.47
2014 12 19 11    5.45
2014 12 19 12    5.44
2014 12 19 13    5.44
2014 12 19 14    5.44
2014 12 19 15    5.43
2014 12 19 16    5.42
2014 12 19 17    5.41
2014 12 19 18    5.40
2014 12 19 19    5.39
2014 12 19 20    5.38
2014 12 19 21    5.37
2014 12 19 22    5.36
2014 12 19 23    5.34
2014 12 20 00    5.33
2014 12 20 01    5.31
2014 12 20 02    5.30
2014 12 20 03    5.29
2014 12 20 04    5.29
2014 12 20 05    5.31
2014 12 20 06    5.32
2014 12 20 07    5.34
2014 12 20 08    5.34
2014 12 20 09    5.35
2014 12 20 10    5.35
2014 12 20 11    5.35
2014 12 20 12    5.35
2014 12 20 13    5.35
2014 12 20 14    5.34
2014 12 20 15    5.33
2014 12 20 16    5.32
2014 12 20 17    5.31
2014 12 20 18    5.30
2014 12 20 19    5.28
2014 12 20 20    5.27
2014 12 20 21    5.30
2014 12 20 22    5.31
2014 12 20 23    5.31
2014 12 21 00    5.30
2014 12 21 01    5.30
2014 12 21 02    5.29
2014 12 21 03    5.28
2014 12 21 04    5.27
2014 12 21 05    5.26
2014 12 21 06    5.24
2014 12 21 07    5.23
2014 12 21 08    5.22
2014 12 21 09    5.20
2014 12 21 10    5.23
2014 12 21 11    5.44
2014 12 21 12    5.83
2014 12 21 13    6.11
2014 12 21 14    6.27
2014 12 21 15    6.35
2014 12 21 16    6.38
2014 12 21 17    6.38
2014 12 21 18    6.36
2014 12 21 19    6.33
2014 12 21 20    6.32
2014 12 21 21    6.34
2014 12 21 22    6.34
2014 12 21 23    6.38
2014 12 22 00    6.72
2014 12 22 01    6.98
2014 12 22 02    7.10
2014 12 22 03    7.14
2014 12 22 04    7.13
2014 12 22 05    7.09
2014 12 22 06    7.03
2014 12 22 07    6.97
2014 12 22 08    6.92
2014 12 22 09    6.87
2014 12 22 10    6.83
2014 12 22 11    6.78
2014 12 22 12    6.74
2014 12 22 13    6.70
2014 12 22 14    6.66
2014 12 22 15    6.61
2014 12 22 16    6.57
2014 12 22 17    6.53
2014 12 22 18    6.48
2014 12 22 19    6.44
2014 12 22 20    6.40
2014 12 22 21    6.37
2014 12 22 22    6.33
2014 12 22 23    6.29
2014 12 23 00    6.26
2014 12 23 01    6.26
2014 12 23 02    6.24
2014 12 23 03    6.22
2014 12 23 04    6.20
2014 12 23 05    6.17
2014 12 23 06    6.14
2014 12 23 07    6.11
2014 12 23 08    6.12
2014 12 23 09    6.13
2014 12 23 10    6.12
2014 12 23 11    6.10
2014 12 23 12    6.08
2014 12 23 13    6.06
2014 12 23 14    6.03
2014 12 23 15    6.00
2014 12 23 16    5.97
2014 12 23 17    5.94
2014 12 23 18    5.91
2014 12 23 19    5.88
2014 12 23 20    5.91
2014 12 23 21    5.90
2014 12 23 22    5.92
2014 12 23 23    5.91
2014 12 24 00    5.89
2014 12 24 01    5.88
2014 12 24 02    5.90
2014 12 24 03    6.00
2014 12 24 04    6.15
2014 12 24 05    6.35
2014 12 24 06    6.52
2014 12 24 07    6.60
2014 12 24 08    6.61
2014 12 24 09    6.58
2014 12 24 10    6.55
2014 12 24 11    6.53
2014 12 24 12    6.48
2014 12 24 13    6.43
2014 12 24 14    6.38
2014 12 24 15    6.33
2014 12 24 16    6.28
2014 12 24 17    6.23
2014 12 24 18    6.19
2014 12 24 19    6.14
2014 12 24 20    6.10
2014 12 24 21    6.06
2014 12 24 22    6.03
2014 12 24 23    5.99
2014 12 25 00    5.96
2014 12 25 01    5.92
2014 12 25 02    5.89
2014 12 25 03    5.86
2014 12 25 04    5.83
2014 12 25 05    5.80
2014 12 25 06    5.77
2014 12 25 07    5.74
2014 12 25 08    5.71
2014 12 25 09    5.70
2014 12 25 10    5.69
2014 12 25 11    5.67
2014 12 25 12    5.65
2014 12 25 13    5.62
2014 12 25 14    5.60
2014 12 25 15    5.57
2014 12 25 16    5.55
2014 12 25 17    5.52
2014 12 25 18    5.49
2014 12 25 19    5.47
2014 12 25 20    5.44
2014 12 25 21    5.42
2014 12 25 22    5.39
2014 12 25 23    5.37
2014 12 26 00    5.35
2014 12 26 01    5.32
2014 12 26 02    5.30
2014 12 26 03    5.28
2014 12 26 04    5.26
2014 12 26 05    5.23
2014 12 26 06    5.21
2014 12 26 07    5.19
2014 12 26 08    5.17
2014 12 26 09    5.15
2014 12 26 10    5.13
2014 12 26 11    5.11
2014 12 26 12    5.09
2014 12 26 13    5.07
2014 12 26 14    5.05
2014 12 26 15    5.03
2014 12 26 16    5.01
2014 12 26 17    4.99
2014 12 26 18    4.97
2014 12 26 19    4.95
2014 12 26 20    4.94
2014 12 26 21    4.92
2014 12 26 22    4.90
2014 12 26 23    4.88
2014 12 27 00    4.87
2014 12 27 01    4.85
2014 12 27 02    4.83
2014 12 27 03    4.82
2014 12 27 04    4.80
2014 12 27 05    4.78
2014 12 27 06    4.77
2014 12 27 07    4.75
2014 12 27 08    4.74
2014 12 27 09    4.72
2014 12 27 10    4.71
2014 12 27 11    4.69
2014 12 27 12    4.68
2014 12 27 13    4.66
2014 12 27 14    4.65
2014 12 27 15    4.63
2014 12 27 16    4.62
2014 12 27 17    4.60
2014 12 27 18    4.59
2014 12 27 19    4.57
2014 12 27 20    4.56
2014 12 27 21    4.55
2014 12 27 22    4.53
2014 12 27 23    4.52
2014 12 28 00    4.51
2014 12 28 01    4.49
2014 12 28 02    4.48
2014 12 28 03    4.47
2014 12 28 04    4.46
2014 12 28 05    4.44
2014 12 28 06    4.43
2014 12 28 07    4.42
2014 12 28 08    4.41
2014 12 28 09    4.40
2014 12 28 10    4.40
2014 12 28 11    4.39
2014 12 28 12    4.39
2014 12 28 13    4.38
2014 12 28 14    4.37
2014 12 28 15    4.36
2014 12 28 16    4.35
2014 12 28 17    4.34
2014 12 28 18    4.33
2014 12 28 19    4.32
2014 12 28 20    4.31
2014 12 28 21    4.30
2014 12 28 22    4.29
2014 12 28 23    4.27
2014 12 29 00    4.26
2014 12 29 01    4.25
2014 12 29 02    4.24
2014 12 29 03    4.23
2014 12 29 04    4.22
2014 12 29 05    4.21
2014 12 29 06    4.20
2014 12 29 07    4.19
2014 12 29 08    4.18
2014 12 29 09    4.17
2014 12 29 10    4.16
2014 12 29 11    4.15
2014 12 29 12    4.14
2014 12 29 13    4.13
2014 12 29 14    4.12
2014 12 29 15    4.11
2014 12 29 16    4.10
2014 12 29 17    4.09
2014 12 29 18    4.08
2014 12 29 19    4.07
2014 12 29 20    4.06
2014 12 29 21    4.03
2014 12 29 22    4.00
2014 12 29 23    3.96
2014 12 30 00    3.93
2014 12 30 01    3.90
2014 12 30 02    3.87
2014 12 30 03    3.85
2014 12 30 04    3.83
2014 12 30 05    3.81
2014 12 30 06    3.79
2014 12 30 07    3.78
2014 12 30 08    3.77
2014 12 30 09    3.75
2014 12 30 10    3.75
2014 12 30 11    3.74
2014 12 30 12    3.73
2014 12 30 13    3.72
2014 12 30 14    3.72
2014 12 30 15    3.71
2014 12 30 16    3.70
2014 12 30 17    3.70
2014 12 30 18    3.69
2014 12 30 19    3.68
2014 12 30 20    3.67
2014 12 30 21    3.66
2014 12 30 22    3.65
2014 12 30 23    3.65
2014 12 31 00    3.66
2014 12 31 01    3.66
2014 12 31 02    3.66
2014 12 31 03    3.66
2014 12 31 04    3.67
2014 12 31 05    3.67
2014 12 31 06    3.67
2014 12 31 07    3.67
2014 12 31 08    3.67
2014 12 31 09    3.67
2014 12 31 10    3.66
2014 12 31 11    3.66
2014 12 31 12    3.66
2014 12 31 13    3.66
2014 12 31 14    3.67
2014 12 31 15    3.67
2014 12 31 16    3.67
2014 12 31 17    3.67
2014 12 31 18    3.66
2014 12 31 19    3.66
2014 12 31 20    3.67
2014 12 31 21    3.69
2014 12 31 22    3.69
2014 12 31 23    3.70
2015 01 01 00    3.70
2015 01 01 01    3.70
2015 01 01 02    3.70
2015 01 01 03    3.70
2015 01 01 04    3.69
2015 01 01 05    3.69
2015 01 01 06    3.68
2015 01 01 07    3.67
2015 01 01 08    3.67
2015 01 01 09    3.66
2015 01 01 10    3.65
2015 01 01 11    3.64
2015 01 01 12    3.64
2015 01 01 13    3.63
2015 01 01 14    3.62
2015 01 01 15    3.61
2015 01 01 16    3.60
2015 01 01 17    3.59
2015 01 01 18    3.59
2015 01 01 19    3.57
2015 01 01 20    3.55
2015 01 01 21    3.53
2015 01 01 22    3.51
2015 01 01 23    3.48
2015 01 02 00    3.46
2015 01 02 01    3.46
2015 01 02 02    3.44
2015 01 02 03    3.43
2015 01 02 04    3.41
2015 01 02 05    3.40
2015 01 02 06    3.39
2015 01 02 07    3.39
2015 01 02 08    3.38
2015 01 02 09    3.37
2015 01 02 10    3.37
2015 01 02 11    3.36
2015 01 02 12    3.36
2015 01 02 13    3.36
2015 01 02 14    3.35
2015 01 02 15    3.35
2015 01 02 16    3.34
2015 01 02 17    3.34
2015 01 02 18    3.33
2015 01 02 19    3.33
2015 01 02 20    3.42
2015 01 02 21    3.57
2015 01 02 22    3.67
2015 01 02 23    3.73
2015 01 03 00    3.78
2015 01 03 01    3.81
2015 01 03 02    3.83
2015 01 03 03    3.84
2015 01 03 04    3.84
2015 01 03 05    3.84
2015 01 03 06    3.84
2015 01 03 07    3.85
2015 01 03 08    3.85
2015 01 03 09    3.84
2015 01 03 10    3.84
2015 01 03 11    3.83
2015 01 03 12    3.82
2015 01 03 13    3.81
2015 01 03 14    3.80
2015 01 03 15    3.79
2015 01 03 16    3.78
2015 01 03 17    3.76
2015 01 03 18    3.75
2015 01 03 19    3.74
2015 01 03 20    3.73
2015 01 03 21    3.71
2015 01 03 22    3.70
2015 01 03 23    3.69
2015 01 04 00    3.68
2015 01 04 01    3.66
2015 01 04 02    3.65
2015 01 04 03    3.64
2015 01 04 04    3.63
2015 01 04 05    3.61
2015 01 04 06    3.60
2015 01 04 07    3.59
2015 01 04 08    3.58
2015 01 04 09    3.57
2015 01 04 10    3.56
2015 01 04 11    3.55
2015 01 04 12    3.54
2015 01 04 13    3.53
2015 01 04 14    3.52
2015 01 04 15    3.50
2015 01 04 16    3.49
2015 01 04 17    3.48
2015 01 04 18    3.47
2015 01 04 19    3.46
2015 01 04 20    3.48
2015 01 04 21    3.54
2015 01 04 22    3.63
2015 01 04 23    3.69
2015 01 05 00    3.73
2015 01 05 01    3.76
2015 01 05 02    3.77
2015 01 05 03    3.78
2015 01 05 04    3.81
2015 01 05 05    3.83
2015 01 05 06    3.83
2015 01 05 07    3.84
2015 01 05 08    3.84
2015 01 05 09    3.84
2015 01 05 10    3.83
2015 01 05 11    3.83
2015 01 05 12    3.83
2015 01 05 13    3.82
2015 01 05 14    3.81
2015 01 05 15    3.80
2015 01 05 16    3.79
2015 01 05 17    3.78
2015 01 05 18    3.76
2015 01 05 19    3.75
2015 01 05 20    3.73
2015 01 05 21    3.72
2015 01 05 22    3.71
2015 01 05 23    3.69
2015 01 06 00    3.68
2015 01 06 01    3.66
2015 01 06 02    3.65
2015 01 06 03    3.63
2015 01 06 04    3.62
2015 01 06 05    3.61
2015 01 06 06    3.59
2015 01 06 07    3.58
2015 01 06 08    3.57
2015 01 06 09    3.55
2015 01 06 10    3.54
2015 01 06 11    3.53
2015 01 06 12    3.51
2015 01 06 13    3.50
2015 01 06 14    3.49
2015 01 06 15    3.48
2015 01 06 16    3.46
2015 01 06 17    3.45
2015 01 06 18    3.44
2015 01 06 19    3.43
2015 01 06 20    3.42
2015 01 06 21    3.40
2015 01 06 22    3.39
2015 01 06 23    3.38
2015 01 07 00    3.37
2015 01 07 01    3.36
2015 01 07 02    3.35
2015 01 07 03    3.34
2015 01 07 04    3.33
2015 01 07 05    3.32
2015 01 07 06    3.31
2015 01 07 07    3.30
2015 01 07 08    3.29
2015 01 07 09    3.28
2015 01 07 10    3.27
2015 01 07 11    3.26
2015 01 07 12    3.25
2015 01 07 13    3.24
2015 01 07 14    3.23
2015 01 07 15    3.22
2015 01 07 16    3.21
2015 01 07 17    3.20
2015 01 07 18    3.19
2015 01 07 19    3.18
2015 01 07 20    3.17
2015 01 07 21    3.16
2015 01 07 22    3.15
2015 01 07 23    3.14
2015 01 08 00    3.13
2015 01 08 01    3.11
2015 01 08 02    3.08
2015 01 08 03    3.05
2015 01 08 04    3.02
2015 01 08 05    3.00
2015 01 08 06    2.97
2015 01 08 07    2.95
2015 01 08 08    2.94
2015 01 08 09    2.92
2015 01 08 10    2.91
2015 01 08 11    2.90
2015 01 08 12    2.89
2015 01 08 13    2.88
2015 01 08 14    2.88
2015 01 08 15    2.87
2015 01 08 16    2.86
2015 01 08 17    2.86
2015 01 08 18    2.85
2015 01 08 19    2.84
2015 01 08 20    2.83
2015 01 08 21    2.81
2015 01 08 22    2.80
2015 01 08 23    2.79
2015 01 09 00    2.77
2015 01 09 01    2.76
2015 01 09 02    2.75
2015 01 09 03    2.74
2015 01 09 04    2.73
2015 01 09 05    2.72
2015 01 09 06    2.71
2015 01 09 07    2.70
2015 01 09 08    2.70
2015 01 09 09    2.69
2015 01 09 10    2.68
2015 01 09 11    2.68
2015 01 09 12    2.67
2015 01 09 13    2.67
2015 01 09 14    2.67
2015 01 09 15    2.66
2015 01 09 16    2.66
2015 01 09 17    2.65
2015 01 09 18    2.65
2015 01 09 19    2.64
2015 01 09 20    2.63
2015 01 09 21    2.63
2015 01 09 22    2.62
2015 01 09 23    2.61
2015 01 10 00    2.60
2015 01 10 01    2.58
2015 01 10 02    2.57
2015 01 10 03    2.57
2015 01 10 04    2.56
2015 01 10 05    2.55
2015 01 10 06    2.54
2015 01 10 07    2.54
2015 01 10 08    2.53
2015 01 10 09    2.52
2015 01 10 10    2.52
2015 01 10 11    2.51
2015 01 10 12    2.51
2015 01 10 13    2.51
2015 01 10 14    2.50
2015 01 10 15    2.50
2015 01 10 16    2.49
2015 01 10 17    2.49
2015 01 10 18    2.49
2015 01 10 19    2.48
2015 01 10 20    2.47
2015 01 10 21    2.46
2015 01 10 22    2.46
2015 01 10 23    2.45
2015 01 11 00    2.44
2015 01 11 01    2.43
2015 01 11 02    2.42
2015 01 11 03    2.41
2015 01 11 04    2.40
2015 01 11 05    2.39
2015 01 11 06    2.39
2015 01 11 07    2.38
2015 01 11 08    2.37
2015 01 11 09    2.37
2015 01 11 10    2.36
2015 01 11 11    2.36
2015 01 11 12    2.36
2015 01 11 13    2.35
2015 01 11 14    2.35
2015 01 11 15    2.34
2015 01 11 16    2.34
2015 01 11 17    2.34
2015 01 11 18    2.33
2015 01 11 19    2.33
2015 01 11 20    2.32
2015 01 11 21    2.31
2015 01 11 22    2.30
2015 01 11 23    2.30
2015 01 12 00    2.29
2015 01 12 01    2.28
2015 01 12 02    2.27
2015 01 12 03    2.26
2015 01 12 04    2.25
2015 01 12 05    2.24
2015 01 12 06    2.24
2015 01 12 07    2.23
2015 01 12 08    2.23
2015 01 12 09    2.22
2015 01 12 10    2.22
2015 01 12 11    2.21
2015 01 12 12    2.21
2015 01 12 13    2.21
2015 01 12 14    2.20
2015 01 12 15    2.20
2015 01 12 16    2.20
2015 01 12 17    2.19
2015 01 12 18    2.19
2015 01 12 19    2.18
2015 01 12 20    2.18
2015 01 12 21    2.17
2015 01 12 22    2.16
2015 01 12 23    2.15
2015 01 13 00    2.14
2015 01 13 01    2.14
2015 01 13 02    2.13
2015 01 13 03    2.12
2015 01 13 04    2.11
2015 01 13 05    2.11
2015 01 13 06    2.10
2015 01 13 07    2.09
2015 01 13 08    2.09
2015 01 13 09    2.09
2015 01 13 10    2.08
2015 01 13 11    2.08
2015 01 13 12    2.07
2015 01 13 13    2.07
2015 01 13 14    2.07
2015 01 13 15    2.06
2015 01 13 16    2.06
2015 01 13 17    2.06
2015 01 13 18    2.05
2015 01 13 19    2.05
2015 01 13 20    2.04
2015 01 13 21    2.04
2015 01 13 22    2.03
2015 01 13 23    2.02
2015 01 14 00    2.01
2015 01 14 01    2.00
2015 01 14 02    2.00
2015 01 14 03    1.99
2015 01 14 04    1.98
2015 01 14 05    1.98
2015 01 14 06    1.97
2015 01 14 07    1.97
2015 01 14 08    1.96
2015 01 14 09    1.96
2015 01 14 10    1.95
2015 01 14 11    1.95
2015 01 14 12    1.95
2015 01 14 13    1.94
2015 01 14 14    1.94
2015 01 14 15    1.94
2015 01 14 16    1.93
2015 01 14 17    1.93
2015 01 14 18    1.93
2015 01 14 19    1.92
2015 01 14 20    1.92
2015 01 14 21    1.91
2015 01 14 22    1.90
2015 01 14 23    1.90
2015 01 15 00    1.89
2015 01 15 01    1.88
2015 01 15 02    1.87
2015 01 15 03    1.87
2015 01 15 04    1.86
2015 01 15 05    1.85
2015 01 15 06    1.85
2015 01 15 07    1.84
2015 01 15 08    1.84
2015 01 15 09    1.84
2015 01 15 10    1.83
2015 01 15 11    1.83
2015 01 15 12    1.83
2015 01 15 13    1.82
2015 01 15 14    1.82
2015 01 15 15    1.82
2015 01 15 16    1.81
2015 01 15 17    1.81
2015 01 15 18    1.81
2015 01 15 19    1.80
2015 01 15 20    1.80
2015 01 15 21    1.79
2015 01 15 22    1.79
2015 01 15 23    1.78
2015 01 16 00    1.77
2015 01 16 01    1.77
2015 01 16 02    1.76
2015 01 16 03    1.75
2015 01 16 04    1.75
2015 01 16 05    1.74
2015 01 16 06    1.74
2015 01 16 07    1.73
2015 01 16 08    1.73
2015 01 16 09    1.72
2015 01 16 10    1.72
2015 01 16 11    1.72
2015 01 16 12    1.71
2015 01 16 13    1.71
2015 01 16 14    1.71
2015 01 16 15    1.71
2015 01 16 16    1.70
2015 01 16 17    1.70
2015 01 16 18    1.70
2015 01 16 19    1.69
2015 01 16 20    1.69
2015 01 16 21    1.68
2015 01 16 22    1.68
2015 01 16 23    1.67
2015 01 17 00    1.66
2015 01 17 01    1.66
2015 01 17 02    1.65
2015 01 17 03    1.64
2015 01 17 04    1.64
2015 01 17 05    1.63
2015 01 17 06    1.63
2015 01 17 07    1.63
2015 01 17 08    1.62
2015 01 17 09    1.62
2015 01 17 10    1.62
2015 01 17 11    1.61
2015 01 17 12    1.61
2015 01 17 13    1.61
2015 01 17 14    1.60
2015 01 17 15    1.60
2015 01 17 16    1.60
2015 01 17 17    1.60
2015 01 17 18    1.59
2015 01 17 19    1.59
2015 01 17 20    1.59
2015 01 17 21    1.58
2015 01 17 22    1.57
2015 01 17 23    1.57
2015 01 18 00    1.56
2015 01 18 01    1.56
2015 01 18 02    1.55
2015 01 18 03    1.54
2015 01 18 04    1.54
2015 01 18 05    1.53
2015 01 18 06    1.53
2015 01 18 07    1.53
2015 01 18 08    1.52
2015 01 18 09    1.52
2015 01 18 10    1.52
2015 01 18 11    1.51
2015 01 18 12    1.51
2015 01 18 13    1.51
2015 01 18 14    1.51
2015 01 18 15    1.50
2015 01 18 16    1.50
2015 01 18 17    1.50
2015 01 18 18    1.50
2015 01 18 19    1.49
2015 01 18 20    1.49
2015 01 18 21    1.48
2015 01 18 22    1.48
2015 01 18 23    1.47
2015 01 19 00    1.47
2015 01 19 01    1.46
2015 01 19 02    1.45
2015 01 19 03    1.45
2015 01 19 04    1.44
2015 01 19 05    1.44
2015 01 19 06    1.44
2015 01 19 07    1.43
2015 01 19 08    1.43
2015 01 19 09    1.43
2015 01 19 10    1.42
2015 01 19 11    1.42
2015 01 19 12    1.42
2015 01 19 13    1.42
2015 01 19 14    1.41
2015 01 19 15    1.41
2015 01 19 16    1.41
2015 01 19 17    1.41
2015 01 19 18    1.40
2015 01 19 19    1.40
2015 01 19 20    1.40
2015 01 19 21    1.39
2015 01 19 22    1.39
2015 01 19 23    1.38
2015 01 20 00    1.38
2015 01 20 01    1.37
2015 01 20 02    1.37
2015 01 20 03    1.36
2015 01 20 04    1.36
2015 01 20 05    1.35
2015 01 20 06    1.35
2015 01 20 07    1.34
2015 01 20 08    1.34
2015 01 20 09    1.34
2015 01 20 10    1.34
2015 01 20 11    1.33
2015 01 20 12    1.33
2015 01 20 13    1.33
2015 01 20 14    1.33
2015 01 20 15    1.32
2015 01 20 16    1.32
2015 01 20 17    1.32
2015 01 20 18    1.32
2015 01 20 19    1.32
2015 01 20 20    1.31
2015 01 20 21    1.31
2015 01 20 22    1.30
2015 01 20 23    1.30
2015 01 21 00    1.29
2015 01 21 01    1.29
2015 01 21 02    1.28
2015 01 21 03    1.28
2015 01 21 04    1.27
2015 01 21 05    1.27
2015 01 21 06    1.27
2015 01 21 07    1.26
2015 01 21 08    1.26
2015 01 21 09    1.26
2015 01 21 10    1.26
2015 01 21 11    1.25
2015 01 21 12    1.25
2015 01 21 13    1.25
2015 01 21 14    1.25
2015 01 21 15    1.24
2015 01 21 16    1.24
2015 01 21 17    1.24
2015 01 21 18    1.24
2015 01 21 19    1.24
2015 01 21 20    1.23
2015 01 21 21    1.23
2015 01 21 22    1.22
2015 01 21 23    1.22
2015 01 22 00    1.21
2015 01 22 01    1.21
2015 01 22 02    1.20
2015 01 22 03    1.20
2015 01 22 04    1.20
2015 01 22 05    1.19
2015 01 22 06    1.19
2015 01 22 07    1.19
2015 01 22 08    1.18
2015 01 22 09    1.18
2015 01 22 10    1.18
2015 01 22 11    1.18
2015 01 22 12    1.17
2015 01 22 13    1.17
2015 01 22 14    1.17
2015 01 22 15    1.17
2015 01 22 16    1.17
2015 01 22 17    1.17
2015 01 22 18    1.16
2015 01 22 19    1.16
2015 01 22 20    1.16
2015 01 22 21    1.15
2015 01 22 22    1.15
2015 01 22 23    1.15
2015 01 23 00    1.14
2015 01 23 01    1.14
2015 01 23 02    1.13
2015 01 23 03    1.13
2015 01 23 04    1.13
2015 01 23 05    1.12
2015 01 23 06    1.12
2015 01 23 07    1.13
2015 01 23 08    1.13
2015 01 23 09    1.21
2015 01 23 10    1.43
2015 01 23 11    1.66
2015 01 23 12    1.87
2015 01 23 13    2.05
2015 01 23 14    2.20
2015 01 23 15    2.32
2015 01 23 16    2.41
2015 01 23 17    2.47
2015 01 23 18    2.52
2015 01 23 19    2.55
2015 01 23 20    2.57
2015 01 23 21    2.58
2015 01 23 22    2.68
2015 01 23 23    2.85
2015 01 24 00    3.03
2015 01 24 01    3.16
2015 01 24 02    3.23
2015 01 24 03    3.28
2015 01 24 04    3.31
2015 01 24 05    3.31
2015 01 24 06    3.31
2015 01 24 07    3.30
2015 01 24 08    3.29
2015 01 24 09    3.27
2015 01 24 10    3.25
2015 01 24 11    3.22
2015 01 24 12    3.21
2015 01 24 13    3.18
2015 01 24 14    3.16
2015 01 24 15    3.13
2015 01 24 16    3.10
2015 01 24 17    3.08
2015 01 24 18    3.11
2015 01 24 19    3.21
2015 01 24 20    3.30
2015 01 24 21    3.45
2015 01 24 22    3.54
2015 01 24 23    3.58
2015 01 25 00    3.65
2015 01 25 01    3.76
2015 01 25 02    3.87
2015 01 25 03    4.07
2015 01 25 04    4.24
2015 01 25 05    4.34
2015 01 25 06    4.39
2015 01 25 07    4.39
2015 01 25 08    4.36
2015 01 25 09    4.31
2015 01 25 10    4.25
2015 01 25 11    4.18
2015 01 25 12    4.12
2015 01 25 13    4.05
2015 01 25 14    3.99
2015 01 25 15    3.93
2015 01 25 16    3.88
2015 01 25 17    3.83
2015 01 25 18    3.78
2015 01 25 19    3.73
2015 01 25 20    3.69
2015 01 25 21    3.78
2015 01 25 22    3.82
2015 01 25 23    3.85
2015 01 26 00    3.90
2015 01 26 01    4.03
2015 01 26 02    4.06
2015 01 26 03    4.04
2015 01 26 04    4.00
2015 01 26 05    3.95
2015 01 26 06    3.89
2015 01 26 07    3.84
2015 01 26 08    3.78
2015 01 26 09    3.73
2015 01 26 10    3.68
2015 01 26 11    3.63
2015 01 26 12    3.59
2015 01 26 13    3.55
2015 01 26 14    3.51
2015 01 26 15    3.47
2015 01 26 16    3.43
2015 01 26 17    3.40
2015 01 26 18    3.37
2015 01 26 19    3.34
2015 01 26 20    3.31
2015 01 26 21    3.32
2015 01 26 22    3.32
2015 01 26 23    3.67
2015 01 27 00    4.04
2015 01 27 01    4.21
2015 01 27 02    4.39
2015 01 27 03    4.54
2015 01 27 04    4.61
2015 01 27 05    4.69
2015 01 27 06    4.86
2015 01 27 07    4.92
2015 01 27 08    4.91
2015 01 27 09    4.88
2015 01 27 10    4.79
2015 01 27 11    4.68
2015 01 27 12    4.56
2015 01 27 13    4.45
2015 01 27 14    4.34
2015 01 27 15    4.25
2015 01 27 16    4.16
2015 01 27 17    4.09
2015 01 27 18    4.02
2015 01 27 19    3.96
2015 01 27 20    4.40
2015 01 27 21    5.08
2015 01 27 22    5.45
2015 01 27 23    5.59
2015 01 28 00    5.56
2015 01 28 01    5.44
2015 01 28 02    5.28
2015 01 28 03    5.11
2015 01 28 04    4.95
2015 01 28 05    4.80
2015 01 28 06    4.67
2015 01 28 07    4.55
2015 01 28 08    4.44
2015 01 28 09    4.35
2015 01 28 10    4.53
2015 01 28 11    4.65
2015 01 28 12    4.66
2015 01 28 13    4.61
2015 01 28 14    4.54
2015 01 28 15    4.46
2015 01 28 16    4.37
2015 01 28 17    4.29
2015 01 28 18    4.22
2015 01 28 19    4.15
2015 01 28 20    4.08
2015 01 28 21    4.03
2015 01 28 22    3.98
2015 01 28 23    3.93
2015 01 29 00    3.89
2015 01 29 01    3.85
2015 01 29 02    4.20
2015 01 29 03    4.49
2015 01 29 04    4.61
2015 01 29 05    4.61
2015 01 29 06    4.55
2015 01 29 07    4.47
2015 01 29 08    4.38
2015 01 29 09    4.30
2015 01 29 10    4.21
2015 01 29 11    4.13
2015 01 29 12    4.05
2015 01 29 13    3.98
2015 01 29 14    3.92
2015 01 29 15    3.86
2015 01 29 16    3.81
2015 01 29 17    3.76
2015 01 29 18    3.72
2015 01 29 19    3.68
2015 01 29 20    3.64
2015 01 29 21    3.60
2015 01 29 22    3.57
2015 01 29 23    3.54
2015 01 30 00    3.51
2015 01 30 01    3.48
2015 01 30 02    3.45
2015 01 30 03    3.42
2015 01 30 04    3.44
2015 01 30 05    3.43
2015 01 30 06    3.41
2015 01 30 07    3.39
2015 01 30 08    3.36
2015 01 30 09    3.33
2015 01 30 10    3.30
2015 01 30 11    3.27
2015 01 30 12    3.25
2015 01 30 13    3.22
2015 01 30 14    3.19
2015 01 30 15    3.17
2015 01 30 16    3.14
2015 01 30 17    3.12
2015 01 30 18    3.09
2015 01 30 19    3.07
2015 01 30 20    3.05
2015 01 30 21    3.24
2015 01 30 22    5.28
2015 01 30 23    6.25
2015 01 31 00    6.58
2015 01 31 01    6.56
2015 01 31 02    6.35
2015 01 31 03    6.07
2015 01 31 04    5.76
2015 01 31 05    5.47
2015 01 31 06    5.21
2015 01 31 07    4.98
2015 01 31 08    4.78
2015 01 31 09    4.61
2015 01 31 10    4.47
2015 01 31 11    4.35
2015 01 31 12    4.25
2015 01 31 13    4.16
2015 01 31 14    4.09
2015 01 31 15    4.02
2015 01 31 16    3.97
2015 01 31 17    3.92
2015 01 31 18    3.87
2015 01 31 19    3.83
2015 01 31 20    3.79
2015 01 31 21    3.75
2015 01 31 22    3.72
2015 01 31 23    3.70
2015 02 01 00    3.68
2015 02 01 01    3.66
2015 02 01 02    3.63
2015 02 01 03    3.60
2015 02 01 04    3.57
2015 02 01 05    3.54
2015 02 01 06    3.51
2015 02 01 07    3.56
2015 02 01 08    3.58
2015 02 01 09    3.59
2015 02 01 10    3.58
2015 02 01 11    3.56
2015 02 01 12    3.53
2015 02 01 13    3.50
2015 02 01 14    3.47
2015 02 01 15    3.43
2015 02 01 16    3.40
2015 02 01 17    3.36
2015 02 01 18    3.33
2015 02 01 19    3.30
2015 02 01 20    3.27
2015 02 01 21    3.24
2015 02 01 22    3.22
2015 02 01 23    3.19
2015 02 02 00    3.17
2015 02 02 01    3.15
2015 02 02 02    3.12
2015 02 02 03    3.10
2015 02 02 04    3.08
2015 02 02 05    3.06
2015 02 02 06    3.04
2015 02 02 07    3.02
2015 02 02 08    3.00
2015 02 02 09    2.98
2015 02 02 10    2.96
2015 02 02 11    2.95
2015 02 02 12    2.93
2015 02 02 13    2.91
2015 02 02 14    2.89
2015 02 02 15    2.88
2015 02 02 16    2.86
2015 02 02 17    2.84
2015 02 02 18    2.83
2015 02 02 19    2.81
2015 02 02 20    2.79
2015 02 02 21    2.78
2015 02 02 22    2.76
2015 02 02 23    2.75
2015 02 03 00    2.73
2015 02 03 01    2.72
2015 02 03 02    2.97
2015 02 03 03    3.07
2015 02 03 04    3.13
2015 02 03 05    3.14
2015 02 03 06    3.12
2015 02 03 07    3.09
2015 02 03 08    3.86
2015 02 03 09    4.22
2015 02 03 10    4.34
2015 02 03 11    4.33
2015 02 03 12    4.25
2015 02 03 13    4.14
2015 02 03 14    4.02
2015 02 03 15    3.90
2015 02 03 16    3.79
2015 02 03 17    3.69
2015 02 03 18    3.61
2015 02 03 19    3.53
2015 02 03 20    3.47
2015 02 03 21    3.41
2015 02 03 22    3.37
2015 02 03 23    3.35
2015 02 04 00    3.57
2015 02 04 01    4.91
2015 02 04 02    7.62
2015 02 04 03    9.12
2015 02 04 04    9.58
2015 02 04 05    9.46
2015 02 04 06    9.47
2015 02 04 07    9.13
2015 02 04 08    8.66
2015 02 04 09    8.15
2015 02 04 10    7.66
2015 02 04 11    7.21
2015 02 04 12    6.83
2015 02 04 13    6.49
2015 02 04 14    6.20
2015 02 04 15    5.95
2015 02 04 16    5.74
2015 02 04 17    5.56
2015 02 04 18    5.41
2015 02 04 19    5.28
2015 02 04 20    5.17
2015 02 04 21    5.07
2015 02 04 22    4.99
2015 02 04 23    4.92
2015 02 05 00    4.85
2015 02 05 01    4.79
2015 02 05 02    4.74
2015 02 05 03    4.69
2015 02 05 04    5.49
2015 02 05 05    7.77
2015 02 05 06    9.43
2015 02 05 07   10.05
2015 02 05 08   10.07
2015 02 05 09   10.25
2015 02 05 10   10.15
2015 02 05 11   11.33
2015 02 05 12   12.12
2015 02 05 13   12.89
2015 02 05 14   13.09
2015 02 05 15   12.64
2015 02 05 16   11.89
2015 02 05 17   11.06
2015 02 05 18   10.24
2015 02 05 19    9.49
2015 02 05 20    8.84
2015 02 05 21    8.28
2015 02 05 22    7.81
2015 02 05 23    7.42
2015 02 06 00    7.10
2015 02 06 01    6.83
2015 02 06 02    6.61
2015 02 06 03    6.69
2015 02 06 04    8.72
2015 02 06 05   11.50
2015 02 06 06   13.54
2015 02 06 07   14.35
2015 02 06 08   14.29
2015 02 06 09   13.77
2015 02 06 10   12.95
2015 02 06 11   12.03
2015 02 06 12   11.13
2015 02 06 13   10.33
2015 02 06 14    9.63
2015 02 06 15    9.04
2015 02 06 16    8.74
2015 02 06 17    9.21
2015 02 06 18    9.48
2015 02 06 19   10.15
2015 02 06 20   11.24
2015 02 06 21   11.56
2015 02 06 22   11.38
2015 02 06 23   11.06
2015 02 07 00   10.72
2015 02 07 01   10.30
2015 02 07 02    9.79
2015 02 07 03    9.27
2015 02 07 04    8.78
2015 02 07 05    8.35
2015 02 07 06    8.00
2015 02 07 07    7.69
2015 02 07 08    7.43
2015 02 07 09    7.21
2015 02 07 10    7.02
2015 02 07 11    6.86
2015 02 07 12    6.73
2015 02 07 13    6.60
2015 02 07 14    6.49
2015 02 07 15    6.39
2015 02 07 16    6.29
2015 02 07 17    6.20
2015 02 07 18    6.12
2015 02 07 19    6.05
2015 02 07 20    5.98
2015 02 07 21    5.92
2015 02 07 22    5.86
2015 02 07 23    5.80
2015 02 08 00    5.74
2015 02 08 01    5.76
2015 02 08 02    6.43
2015 02 08 03    7.30
2015 02 08 04    7.82
2015 02 08 05    8.84
2015 02 08 06    9.31
2015 02 08 07    9.29
2015 02 08 08    9.02
2015 02 08 09    8.64
2015 02 08 10    8.20
2015 02 08 11    7.81
2015 02 08 12    7.44
2015 02 08 13    7.15
2015 02 08 14    6.87
2015 02 08 15    6.80
2015 02 08 16    7.06
2015 02 08 17    7.11
2015 02 08 18    7.03
2015 02 08 19    7.25
2015 02 08 20    7.61
2015 02 08 21    7.62
2015 02 08 22    7.69
2015 02 08 23    7.68
2015 02 09 00    7.50
2015 02 09 01    7.26
2015 02 09 02    6.99
2015 02 09 03    7.18
2015 02 09 04    8.73
2015 02 09 05   11.21
2015 02 09 06   14.58
2015 02 09 07   18.47
2015 02 09 08   24.24
2015 02 09 09   27.80
2015 02 09 10   28.18
2015 02 09 11   26.74
2015 02 09 12   24.48
2015 02 09 13   22.05
2015 02 09 14   20.17
2015 02 09 15   18.68
2015 02 09 16   17.14
2015 02 09 17   15.81
2015 02 09 18   14.54
2015 02 09 19   13.47
2015 02 09 20   12.46
2015 02 09 21   11.52
2015 02 09 22   10.69
2015 02 09 23    9.99
2015 02 10 00    9.39
2015 02 10 01    8.90
2015 02 10 02    8.70
2015 02 10 03    8.63
2015 02 10 04    8.46
2015 02 10 05    8.28
2015 02 10 06    8.07
2015 02 10 07    7.86
2015 02 10 08    7.67
2015 02 10 09    7.61
2015 02 10 10    7.55
2015 02 10 11    7.56
2015 02 10 12    7.53
2015 02 10 13    7.43
2015 02 10 14    7.29
2015 02 10 15    7.15
2015 02 10 16    7.01
2015 02 10 17    6.88
2015 02 10 18    6.75
2015 02 10 19    6.64
2015 02 10 20    6.54
2015 02 10 21    6.45
2015 02 10 22    6.37
2015 02 10 23    6.38
2015 02 11 00    6.42
2015 02 11 01    6.40
2015 02 11 02    6.34
2015 02 11 03    6.27
2015 02 11 04    6.19
2015 02 11 05    6.11
2015 02 11 06    6.03
2015 02 11 07    5.96
2015 02 11 08    5.89
2015 02 11 09    5.83
2015 02 11 10    5.77
2015 02 11 11    5.71
2015 02 11 12    5.68
2015 02 11 13    5.64
2015 02 11 14    5.59
2015 02 11 15    5.55
2015 02 11 16    5.50
2015 02 11 17    5.45
2015 02 11 18    5.41
2015 02 11 19    5.36
2015 02 11 20    5.32
2015 02 11 21    5.28
2015 02 11 22    5.24
2015 02 11 23    5.20
2015 02 12 00    5.16
2015 02 12 01    5.12
2015 02 12 02    5.09
2015 02 12 03    5.05
2015 02 12 04    5.02
2015 02 12 05    4.98
2015 02 12 06    4.95
2015 02 12 07    4.91
2015 02 12 08    4.88
2015 02 12 09    4.85
2015 02 12 10    4.82
2015 02 12 11    4.79
2015 02 12 12    4.76
2015 02 12 13    4.73
2015 02 12 14    4.70
2015 02 12 15    4.67
2015 02 12 16    4.64
2015 02 12 17    4.61
2015 02 12 18    4.58
2015 02 12 19    4.55
2015 02 12 20    4.53
2015 02 12 21    4.50
2015 02 12 22    4.47
2015 02 12 23    4.45
2015 02 13 00    4.42
2015 02 13 01    4.40
2015 02 13 02    4.37
2015 02 13 03    4.35
2015 02 13 04    4.32
2015 02 13 05    4.30
2015 02 13 06    4.28
2015 02 13 07    4.25
2015 02 13 08    4.23
2015 02 13 09    4.21
2015 02 13 10    4.19
2015 02 13 11    4.17
2015 02 13 12    4.14
2015 02 13 13    4.12
2015 02 13 14    4.10
2015 02 13 15    4.08
2015 02 13 16    4.06
2015 02 13 17    4.04
2015 02 13 18    4.02
2015 02 13 19    4.00
2015 02 13 20    3.98
2015 02 13 21    3.96
2015 02 13 22    3.95
2015 02 13 23    3.93
2015 02 14 00    3.91
2015 02 14 01    3.89
2015 02 14 02    3.87
2015 02 14 03    3.86
2015 02 14 04    3.84
2015 02 14 05    3.82
2015 02 14 06    3.81
2015 02 14 07    3.79
2015 02 14 08    3.77
2015 02 14 09    3.76
2015 02 14 10    3.74
2015 02 14 11    3.72
2015 02 14 12    3.71
2015 02 14 13    3.69
2015 02 14 14    3.68
2015 02 14 15    3.66
2015 02 14 16    3.65
2015 02 14 17    3.63
2015 02 14 18    3.62
2015 02 14 19    3.61
2015 02 14 20    3.59
2015 02 14 21    3.58
2015 02 14 22    3.57
2015 02 14 23    3.55
2015 02 15 00    3.54
2015 02 15 01    3.53
2015 02 15 02    3.51
2015 02 15 03    3.50
2015 02 15 04    3.49
2015 02 15 05    3.47
2015 02 15 06    3.46
2015 02 15 07    3.45
2015 02 15 08    3.44
2015 02 15 09    3.43
2015 02 15 10    3.41
2015 02 15 11    3.40
2015 02 15 12    3.39
2015 02 15 13    3.38
2015 02 15 14    3.37
2015 02 15 15    3.36
2015 02 15 16    3.35
2015 02 15 17    3.34
2015 02 15 18    3.33
2015 02 15 19    3.31
2015 02 15 20    3.30
2015 02 15 21    3.42
2015 02 15 22    3.72
2015 02 15 23    3.84
2015 02 16 00    3.86
2015 02 16 01    3.85
2015 02 16 02    3.80
2015 02 16 03    3.75
2015 02 16 04    3.70
2015 02 16 05    3.64
2015 02 16 06    3.60
2015 02 16 07    3.56
2015 02 16 08    3.52
2015 02 16 09    3.49
2015 02 16 10    3.46
2015 02 16 11    3.43
2015 02 16 12    3.41
2015 02 16 13    3.39
2015 02 16 14    3.37
2015 02 16 15    3.36
2015 02 16 16    3.34
2015 02 16 17    3.33
2015 02 16 18    3.32
2015 02 16 19    3.30
2015 02 16 20    3.29
2015 02 16 21    3.28
2015 02 16 22    3.27
2015 02 16 23    3.26
2015 02 17 00    3.25
2015 02 17 01    3.53
2015 02 17 02    4.13
2015 02 17 03    4.45
2015 02 17 04    4.55
2015 02 17 05    4.53
2015 02 17 06    4.46
2015 02 17 07    4.37
2015 02 17 08    4.27
2015 02 17 09    4.17
2015 02 17 10    4.08
2015 02 17 11    4.00
2015 02 17 12    3.93
2015 02 17 13    3.87
2015 02 17 14    3.81
2015 02 17 15    3.77
2015 02 17 16    3.73
2015 02 17 17    3.69
2015 02 17 18    3.66
2015 02 17 19    3.63
2015 02 17 20    3.61
2015 02 17 21    3.58
2015 02 17 22    3.61
2015 02 17 23    3.73
2015 02 18 00    4.06
2015 02 18 01    4.29
2015 02 18 02    4.40
2015 02 18 03    4.41
2015 02 18 04    4.36
2015 02 18 05    4.29
2015 02 18 06    4.21
2015 02 18 07    4.13
2015 02 18 08    4.06
2015 02 18 09    3.99
2015 02 18 10    3.93
2015 02 18 11    3.88
2015 02 18 12    3.84
2015 02 18 13    3.80
2015 02 18 14    3.76
2015 02 18 15    3.73
2015 02 18 16    3.70
2015 02 18 17    3.68
2015 02 18 18    3.65
2015 02 18 19    3.63
2015 02 18 20    3.61
2015 02 18 21    3.59
2015 02 18 22    3.57
2015 02 18 23    3.55
2015 02 19 00    3.78
2015 02 19 01    4.70
2015 02 19 02    5.67
2015 02 19 03    6.20
2015 02 19 04    6.39
2015 02 19 05    6.45
2015 02 19 06    6.42
2015 02 19 07    6.31
2015 02 19 08    6.15
2015 02 19 09    6.05
2015 02 19 10    5.90
2015 02 19 11    5.75
2015 02 19 12    5.63
2015 02 19 13    5.51
2015 02 19 14    5.39
2015 02 19 15    5.26
2015 02 19 16    5.13
2015 02 19 17    5.02
2015 02 19 18    4.92
2015 02 19 19    4.83
2015 02 19 20    4.75
2015 02 19 21    4.68
2015 02 19 22    4.76
2015 02 19 23    5.03
2015 02 20 00    5.26
2015 02 20 01    5.33
2015 02 20 02    5.31
2015 02 20 03    5.23
2015 02 20 04    5.14
2015 02 20 05    5.03
2015 02 20 06    4.93
2015 02 20 07    4.84
2015 02 20 08    4.76
2015 02 20 09    4.68
2015 02 20 10    4.62
2015 02 20 11    4.56
2015 02 20 12    4.52
2015 02 20 13    4.48
2015 02 20 14    4.44
2015 02 20 15    4.40
2015 02 20 16    4.36
2015 02 20 17    4.32
2015 02 20 18    4.29
2015 02 20 19    4.26
2015 02 20 20    4.23
2015 02 20 21    4.20
2015 02 20 22    4.17
2015 02 20 23    4.14
2015 02 21 00    4.12
2015 02 21 01    4.09
2015 02 21 02    4.06
2015 02 21 03    4.04
2015 02 21 04    4.01
2015 02 21 05    3.99
2015 02 21 06    3.97
2015 02 21 07    3.94
2015 02 21 08    3.92
2015 02 21 09    3.90
2015 02 21 10    3.88
2015 02 21 11    3.86
2015 02 21 12    3.84
2015 02 21 13    3.81
2015 02 21 14    3.79
2015 02 21 15    3.77
2015 02 21 16    3.75
2015 02 21 17    3.73
2015 02 21 18    3.71
2015 02 21 19    3.70
2015 02 21 20    3.68
2015 02 21 21    3.66
2015 02 21 22    3.64
2015 02 21 23    3.62
2015 02 22 00    3.60
2015 02 22 01    3.59
2015 02 22 02    3.57
2015 02 22 03    3.55
2015 02 22 04    3.53
2015 02 22 05    3.52
2015 02 22 06    3.50
2015 02 22 07    3.49
2015 02 22 08    3.47
2015 02 22 09    3.45
2015 02 22 10    3.44
2015 02 22 11    3.42
2015 02 22 12    3.41
2015 02 22 13    3.39
2015 02 22 14    3.38
2015 02 22 15    3.36
2015 02 22 16    3.35
2015 02 22 17    3.33
2015 02 22 18    3.32
2015 02 22 19    3.31
2015 02 22 20    3.29
2015 02 22 21    3.28
2015 02 22 22    3.27
2015 02 22 23    3.25
2015 02 23 00    3.24
2015 02 23 01    3.23
2015 02 23 02    3.22
2015 02 23 03    3.20
2015 02 23 04    3.19
2015 02 23 05    3.18
2015 02 23 06    3.17
2015 02 23 07    3.15
2015 02 23 08    3.14
2015 02 23 09    3.13
2015 02 23 10    3.12
2015 02 23 11    3.11
2015 02 23 12    3.10
2015 02 23 13    3.09
2015 02 23 14    3.08
2015 02 23 15    3.06
2015 02 23 16    3.05
2015 02 23 17    3.04
2015 02 23 18    3.03
2015 02 23 19    3.02
2015 02 23 20    3.01
2015 02 23 21    3.00
2015 02 23 22    2.99
2015 02 23 23    2.98
2015 02 24 00    2.97
2015 02 24 01    2.96
2015 02 24 02    2.95
2015 02 24 03    2.95
2015 02 24 04    2.94
2015 02 24 05    2.93
2015 02 24 06    2.92
2015 02 24 07    2.91
2015 02 24 08    2.90
2015 02 24 09    2.89
2015 02 24 10    2.88
2015 02 24 11    2.87
2015 02 24 12    2.87
2015 02 24 13    2.86
2015 02 24 14    2.85
2015 02 24 15    2.84
2015 02 24 16    2.83
2015 02 24 17    2.82
2015 02 24 18    2.82
2015 02 24 19    2.81
2015 02 24 20    2.80
2015 02 24 21    2.79
2015 02 24 22    2.78
2015 02 24 23    2.78
2015 02 25 00    2.77
2015 02 25 01    2.76
2015 02 25 02    2.75
2015 02 25 03    2.75
2015 02 25 04    2.74
2015 02 25 05    2.73
2015 02 25 06    2.73
2015 02 25 07    2.72
2015 02 25 08    2.71
2015 02 25 09    2.70
2015 02 25 10    2.70
2015 02 25 11    2.69
2015 02 25 12    2.68
2015 02 25 13    2.68
2015 02 25 14    2.67
2015 02 25 15    2.66
2015 02 25 16    2.66
2015 02 25 17    2.65
2015 02 25 18    2.65
2015 02 25 19    2.64
2015 02 25 20    2.63
2015 02 25 21    2.63
2015 02 25 22    2.62
2015 02 25 23    2.61
2015 02 26 00    2.61
2015 02 26 01    2.60
2015 02 26 02    2.60
2015 02 26 03    2.59
2015 02 26 04    2.58
2015 02 26 05    2.58
2015 02 26 06    2.57
2015 02 26 07    2.57
2015 02 26 08    2.56
2015 02 26 09    2.55
2015 02 26 10    2.55
2015 02 26 11    2.54
2015 02 26 12    2.54
2015 02 26 13    2.53
2015 02 26 14    2.53
2015 02 26 15    2.52
2015 02 26 16    2.52
2015 02 26 17    2.51
2015 02 26 18    2.51
2015 02 26 19    2.50
2015 02 26 20    2.50
2015 02 26 21    2.49
2015 02 26 22    2.48
2015 02 26 23    2.48
2015 02 27 00    2.47
2015 02 27 01    2.47
2015 02 27 02    2.46
2015 02 27 03    2.46
2015 02 27 04    2.45
2015 02 27 05    2.45
2015 02 27 06    2.44
2015 02 27 07    2.44
2015 02 27 08    2.43
2015 02 27 09    2.43
2015 02 27 10    2.42
2015 02 27 11    2.42
2015 02 27 12    2.42
2015 02 27 13    2.41
2015 02 27 14    2.41
2015 02 27 15    2.40
2015 02 27 16    2.40
2015 02 27 17    2.39
2015 02 27 18    2.39
2015 02 27 19    2.38
2015 02 27 20    2.38
2015 02 27 21    2.37
2015 02 27 22    2.37
2015 02 27 23    2.42
2015 02 28 00    2.43
2015 02 28 01    2.49
2015 02 28 02    2.73
2015 02 28 03    3.03
2015 02 28 04    3.22
2015 02 28 05    3.32
2015 02 28 06    3.37
2015 02 28 07    3.39
2015 02 28 08    3.40
2015 02 28 09    3.40
2015 02 28 10    3.42
2015 02 28 11    3.41
2015 02 28 12    3.39
2015 02 28 13    3.37
2015 02 28 14    3.35
2015 02 28 15    3.32
2015 02 28 16    3.30
2015 02 28 17    3.27
2015 02 28 18    3.25
2015 02 28 19    3.23
2015 02 28 20    3.21
2015 02 28 21    3.19
2015 02 28 22    3.17
2015 02 28 23    3.15
2015 03 01 00    3.13
2015 03 01 01    3.12
2015 03 01 02    3.10
2015 03 01 03    3.08
2015 03 01 04    3.07
2015 03 01 05    3.05
2015 03 01 06    3.04
2015 03 01 07    3.02
2015 03 01 08    3.04
2015 03 01 09    3.07
2015 03 01 10    3.16
2015 03 01 11    3.44
2015 03 01 12    3.82
2015 03 01 13    4.08
2015 03 01 14    4.19
2015 03 01 15    4.21
2015 03 01 16    4.19
2015 03 01 17    4.14
2015 03 01 18    4.08
2015 03 01 19    4.01
2015 03 01 20    3.95
2015 03 01 21    3.90
2015 03 01 22    3.84
2015 03 01 23    3.80
2015 03 02 00    3.75
2015 03 02 01    3.72
2015 03 02 02    3.68
2015 03 02 03    3.65
2015 03 02 04    3.62
2015 03 02 05    3.59
2015 03 02 06    3.56
2015 03 02 07    3.53
2015 03 02 08    3.51
2015 03 02 09    3.48
2015 03 02 10    3.46
2015 03 02 11    3.44
2015 03 02 12    3.42
2015 03 02 13    3.40
2015 03 02 14    3.38
2015 03 02 15    3.35
2015 03 02 16    3.33
2015 03 02 17    3.31
2015 03 02 18    3.30
2015 03 02 19    3.28
2015 03 02 20    3.26
2015 03 02 21    3.24
2015 03 02 22    3.22
2015 03 02 23    3.20
2015 03 03 00    3.18
2015 03 03 01    3.17
2015 03 03 02    3.15
2015 03 03 03    3.13
2015 03 03 04    3.12
2015 03 03 05    3.10
2015 03 03 06    3.08
2015 03 03 07    3.07
2015 03 03 08    3.05
2015 03 03 09    3.04
2015 03 03 10    3.02
2015 03 03 11    3.02
2015 03 03 12    3.01
2015 03 03 13    3.00
2015 03 03 14    2.99
2015 03 03 15    2.97
2015 03 03 16    2.96
2015 03 03 17    2.94
2015 03 03 18    2.93
2015 03 03 19    2.91
2015 03 03 20    2.90
2015 03 03 21    2.89
2015 03 03 22    2.87
2015 03 03 23    2.86
2015 03 04 00    2.95
2015 03 04 01    3.00
2015 03 04 02    3.02
2015 03 04 03    3.03
2015 03 04 04    3.09
2015 03 04 05    3.18
2015 03 04 06    3.21
2015 03 04 07    3.25
2015 03 04 08    3.26
2015 03 04 09    3.28
2015 03 04 10    3.29
2015 03 04 11    3.28
2015 03 04 12    3.27
2015 03 04 13    3.25
2015 03 04 14    3.22
2015 03 04 15    3.20
2015 03 04 16    3.18
2015 03 04 17    3.16
2015 03 04 18    3.14
2015 03 04 19    3.12
2015 03 04 20    3.10
2015 03 04 21    3.08
2015 03 04 22    3.19
2015 03 04 23    3.34
2015 03 05 00    3.40
2015 03 05 01    3.43
2015 03 05 02    3.42
2015 03 05 03    3.43
2015 03 05 04    3.58
2015 03 05 05    3.70
2015 03 05 06    3.75
2015 03 05 07    3.76
2015 03 05 08    3.74
2015 03 05 09    3.71
2015 03 05 10    3.67
2015 03 05 11    3.64
2015 03 05 12    3.60
2015 03 05 13    3.56
2015 03 05 14    3.53
2015 03 05 15    3.50
2015 03 05 16    3.46
2015 03 05 17    3.44
2015 03 05 18    3.41
2015 03 05 19    3.38
2015 03 05 20    3.36
2015 03 05 21    3.35
2015 03 05 22    3.40
2015 03 05 23    3.82
2015 03 06 00    4.07
2015 03 06 01    4.17
2015 03 06 02    4.18
2015 03 06 03    4.16
2015 03 06 04    4.11
2015 03 06 05    4.05
2015 03 06 06    3.98
2015 03 06 07    3.92
2015 03 06 08    3.87
2015 03 06 09    3.82
2015 03 06 10    3.77
2015 03 06 11    3.73
2015 03 06 12    3.69
2015 03 06 13    3.65
2015 03 06 14    3.62
2015 03 06 15    3.59
2015 03 06 16    3.56
2015 03 06 17    3.53
2015 03 06 18    3.51
2015 03 06 19    3.48
2015 03 06 20    3.46
2015 03 06 21    3.43
2015 03 06 22    3.41
2015 03 06 23    3.39
2015 03 07 00    3.37
2015 03 07 01    3.35
2015 03 07 02    3.33
2015 03 07 03    3.31
2015 03 07 04    3.29
2015 03 07 05    3.27
2015 03 07 06    3.25
2015 03 07 07    3.23
2015 03 07 08    3.21
2015 03 07 09    3.19
2015 03 07 10    3.17
2015 03 07 11    3.15
2015 03 07 12    3.14
2015 03 07 13    3.12
2015 03 07 14    3.10
2015 03 07 15    3.08
2015 03 07 16    3.07
2015 03 07 17    3.05
2015 03 07 18    3.04
2015 03 07 19    3.02
2015 03 07 20    3.00
2015 03 07 21    3.00
2015 03 07 22    3.01
2015 03 07 23    3.21
2015 03 08 00    3.63
2015 03 08 01    3.83
2015 03 08 02    3.91
2015 03 08 03    3.92
2015 03 08 04    3.91
2015 03 08 05    3.94
2015 03 08 06    4.11
2015 03 08 07    4.26
2015 03 08 08    4.30
2015 03 08 09    4.28
2015 03 08 10    4.24
2015 03 08 11    4.67
2015 03 08 12    5.21
2015 03 08 13    5.41
2015 03 08 14    5.44
2015 03 08 15    5.40
2015 03 08 16    5.30
2015 03 08 17    5.16
2015 03 08 18    5.02
2015 03 08 19    4.88
2015 03 08 20    4.76
2015 03 08 21    4.65
2015 03 08 22    4.55
2015 03 08 23    4.47
2015 03 09 00    4.39
2015 03 09 01    4.33
2015 03 09 02    4.27
2015 03 09 03    4.22
2015 03 09 04    4.34
2015 03 09 05    4.56
2015 03 09 06    4.64
2015 03 09 07    4.64
2015 03 09 08    4.61
2015 03 09 09    4.55
2015 03 09 10    4.48
2015 03 09 11    4.41
2015 03 09 12    4.35
2015 03 09 13    4.28
2015 03 09 14    4.23
2015 03 09 15    4.17
2015 03 09 16    4.27
2015 03 09 17    4.79
2015 03 09 18    5.03
2015 03 09 19    5.14
2015 03 09 20    5.31
2015 03 09 21    5.98
2015 03 09 22    6.27
2015 03 09 23    6.30
2015 03 10 00    6.19
2015 03 10 01    6.02
2015 03 10 02    5.82
2015 03 10 03    5.62
2015 03 10 04    5.44
2015 03 10 05    5.28
2015 03 10 06    5.14
2015 03 10 07    5.02
2015 03 10 08    4.93
2015 03 10 09    4.87
2015 03 10 10    5.12
2015 03 10 11    5.95
2015 03 10 12    7.12
2015 03 10 13    8.36
2015 03 10 14    9.27
2015 03 10 15    9.57
2015 03 10 16    9.41
2015 03 10 17    9.03
2015 03 10 18    8.65
2015 03 10 19    8.51
2015 03 10 20    8.22
2015 03 10 21    7.94
2015 03 10 22    7.62
2015 03 10 23    7.31
2015 03 11 00    7.01
2015 03 11 01    6.74
2015 03 11 02    6.51
2015 03 11 03    6.30
2015 03 11 04    6.13
2015 03 11 05    5.98
2015 03 11 06    6.36
2015 03 11 07    7.48
2015 03 11 08    8.13
2015 03 11 09    8.31
2015 03 11 10    8.23
2015 03 11 11    8.00
2015 03 11 12    7.72
2015 03 11 13    7.42
2015 03 11 14    7.13
2015 03 11 15    6.87
2015 03 11 16    6.63
2015 03 11 17    6.42
2015 03 11 18    6.24
2015 03 11 19    6.09
2015 03 11 20    5.95
2015 03 11 21    5.84
2015 03 11 22    5.77
2015 03 11 23    5.78
2015 03 12 00    5.74
2015 03 12 01    5.68
2015 03 12 02    6.19
2015 03 12 03    8.81
2015 03 12 04   10.65
2015 03 12 05   11.23
2015 03 12 06   11.14
2015 03 12 07   10.77
2015 03 12 08   10.48
2015 03 12 09   11.12
2015 03 12 10   13.21
2015 03 12 11   14.21
2015 03 12 12   14.19
2015 03 12 13   13.58
2015 03 12 14   12.73
2015 03 12 15   11.81
2015 03 12 16   10.93
2015 03 12 17   10.14
2015 03 12 18    9.46
2015 03 12 19    8.87
2015 03 12 20    8.38
2015 03 12 21    7.98
2015 03 12 22    7.65
2015 03 12 23    7.98
2015 03 13 00   10.46
2015 03 13 01   13.41
2015 03 13 02   14.77
2015 03 13 03   14.84
2015 03 13 04   14.27
2015 03 13 05   13.43
2015 03 13 06   12.85
2015 03 13 07   12.12
2015 03 13 08   11.36
2015 03 13 09   10.67
2015 03 13 10   10.03
2015 03 13 11    9.46
2015 03 13 12    8.97
2015 03 13 13    8.58
2015 03 13 14    8.23
2015 03 13 15    7.93
2015 03 13 16    7.67
2015 03 13 17    7.46
2015 03 13 18    7.27
2015 03 13 19    7.11
2015 03 13 20    6.97
2015 03 13 21    6.85
2015 03 13 22    6.75
2015 03 13 23    6.65
2015 03 14 00    6.67
2015 03 14 01    7.88
2015 03 14 02   12.99
2015 03 14 03   16.97
2015 03 14 04   18.26
2015 03 14 05   18.08
2015 03 14 06   17.14
2015 03 14 07   15.91
2015 03 14 08   14.68
2015 03 14 09   13.44
2015 03 14 10   12.31
2015 03 14 11   11.34
2015 03 14 12   10.52
2015 03 14 13    9.81
2015 03 14 14    9.21
2015 03 14 15    8.72
2015 03 14 16    8.32
2015 03 14 17    7.98
2015 03 14 18    7.71
2015 03 14 19    7.48
2015 03 14 20    7.30
2015 03 14 21    7.14
2015 03 14 22    7.00
2015 03 14 23    6.89
2015 03 15 00    6.78
2015 03 15 01    6.69
2015 03 15 02    6.61
2015 03 15 03    6.53
2015 03 15 04    6.46
2015 03 15 05    6.40
2015 03 15 06    6.34
2015 03 15 07    6.28
2015 03 15 08    6.22
2015 03 15 09    6.16
2015 03 15 10    6.11
2015 03 15 11    6.06
2015 03 15 12    6.00
2015 03 15 13    5.95
2015 03 15 14    5.90
2015 03 15 15    5.86
2015 03 15 16    5.81
2015 03 15 17    5.76
2015 03 15 18    5.72
2015 03 15 19    5.67
2015 03 15 20    5.63
2015 03 15 21    5.58
2015 03 15 22    5.54
2015 03 15 23    5.50
2015 03 16 00    5.46
2015 03 16 01    5.42
2015 03 16 02    5.38
2015 03 16 03    5.34
2015 03 16 04    5.30
2015 03 16 05    5.26
2015 03 16 06    5.22
2015 03 16 07    5.21
2015 03 16 08    5.21
2015 03 16 09    5.23
2015 03 16 10    5.22
2015 03 16 11    5.20
2015 03 16 12    5.16
2015 03 16 13    5.12
2015 03 16 14    5.07
2015 03 16 15    5.03
2015 03 16 16    4.98
2015 03 16 17    4.94
2015 03 16 18    4.89
2015 03 16 19    4.85
2015 03 16 20    4.82
2015 03 16 21    4.78
2015 03 16 22    4.75
2015 03 16 23    4.71
2015 03 17 00    4.68
2015 03 17 01    4.65
2015 03 17 02    4.62
2015 03 17 03    4.59
2015 03 17 04    4.56
2015 03 17 05    4.53
2015 03 17 06    4.51
2015 03 17 07    4.48
2015 03 17 08    4.46
2015 03 17 09    4.45
2015 03 17 10    4.44
2015 03 17 11    4.42
2015 03 17 12    4.40
2015 03 17 13    4.39
2015 03 17 14    4.37
2015 03 17 15    4.34
2015 03 17 16    4.32
2015 03 17 17    4.30
2015 03 17 18    4.27
2015 03 17 19    4.25
2015 03 17 20    4.22
2015 03 17 21    4.19
2015 03 17 22    4.17
2015 03 17 23    4.14
2015 03 18 00    4.12
2015 03 18 01    4.10
2015 03 18 02    4.07
2015 03 18 03    4.05
2015 03 18 04    4.03
2015 03 18 05    4.01
2015 03 18 06    3.99
2015 03 18 07    3.97
2015 03 18 08    3.95
2015 03 18 09    3.94
2015 03 18 10    3.92
2015 03 18 11    3.90
2015 03 18 12    3.89
2015 03 18 13    3.88
2015 03 18 14    3.87
2015 03 18 15    3.85
2015 03 18 16    3.83
2015 03 18 17    3.81
2015 03 18 18    3.80
2015 03 18 19    3.78
2015 03 18 20    3.76
2015 03 18 21    3.74
2015 03 18 22    3.73
2015 03 18 23    3.71
2015 03 19 00    3.70
2015 03 19 01    3.68
2015 03 19 02    3.67
2015 03 19 03    3.65
2015 03 19 04    3.64
2015 03 19 05    3.62
2015 03 19 06    3.61
2015 03 19 07    3.59
2015 03 19 08    3.58
2015 03 19 09    3.57
2015 03 19 10    3.57
2015 03 19 11    3.56
2015 03 19 12    3.57
2015 03 19 13    3.57
2015 03 19 14    3.56
2015 03 19 15    3.55
2015 03 19 16    3.53
2015 03 19 17    3.51
2015 03 19 18    3.50
2015 03 19 19    3.48
2015 03 19 20    3.46
2015 03 19 21    3.45
2015 03 19 22    3.43
2015 03 19 23    3.42
2015 03 20 00    3.41
2015 03 20 01    3.40
2015 03 20 02    3.38
2015 03 20 03    3.37
2015 03 20 04    3.36
2015 03 20 05    3.35
2015 03 20 06    3.34
2015 03 20 07    3.33
2015 03 20 08    3.32
2015 03 20 09    3.35
2015 03 20 10    3.38
2015 03 20 11    3.38
2015 03 20 12    3.38
2015 03 20 13    3.38
2015 03 20 14    3.36
2015 03 20 15    3.35
2015 03 20 16    3.34
2015 03 20 17    3.33
2015 03 20 18    3.32
2015 03 20 19    3.30
2015 03 20 20    3.29
2015 03 20 21    3.27
2015 03 20 22    3.26
2015 03 20 23    3.24
2015 03 21 00    3.23
2015 03 21 01    3.22
2015 03 21 02    3.21
2015 03 21 03    3.19
2015 03 21 04    3.18
2015 03 21 05    3.17
2015 03 21 06    3.16
2015 03 21 07    3.15
2015 03 21 08    3.15
2015 03 21 09    3.57
2015 03 21 10    5.00
2015 03 21 11    6.65
2015 03 21 12    8.47
2015 03 21 13   12.38
2015 03 21 14   15.79
2015 03 21 15   17.52
2015 03 21 16   17.83
2015 03 21 17   17.12
2015 03 21 18   15.90
2015 03 21 19   14.53
2015 03 21 20   13.45
2015 03 21 21   12.33
2015 03 21 22   11.30
2015 03 21 23   10.38
2015 03 22 00    9.60
2015 03 22 01    8.94
2015 03 22 02    8.39
2015 03 22 03    7.95
2015 03 22 04    7.58
2015 03 22 05    7.30
2015 03 22 06    7.08
2015 03 22 07    6.94
2015 03 22 08    6.84
2015 03 22 09    6.75
2015 03 22 10    6.66
2015 03 22 11    6.60
2015 03 22 12    6.52
2015 03 22 13    6.44
2015 03 22 14    6.35
2015 03 22 15    6.26
2015 03 22 16    6.17
2015 03 22 17    6.09
2015 03 22 18    6.01
2015 03 22 19    5.94
2015 03 22 20    5.87
2015 03 22 21    5.81
2015 03 22 22    5.75
2015 03 22 23    5.86
2015 03 23 00    6.69
2015 03 23 01    7.02
2015 03 23 02    7.09
2015 03 23 03    7.04
2015 03 23 04    6.92
2015 03 23 05    6.80
2015 03 23 06    6.67
2015 03 23 07    6.52
2015 03 23 08    6.37
2015 03 23 09    6.21
2015 03 23 10    6.08
2015 03 23 11    6.22
2015 03 23 12    7.00
2015 03 23 13   10.99
2015 03 23 14   16.74
2015 03 23 15   20.73
2015 03 23 16   23.78
2015 03 23 17   30.34
2015 03 23 18   36.25
2015 03 23 19   39.05
2015 03 23 20   39.30
2015 03 23 21   37.23
2015 03 23 22   33.93
2015 03 23 23   30.21
2015 03 24 00   26.57
2015 03 24 01   23.30
2015 03 24 02   21.50
2015 03 24 03   19.93
2015 03 24 04   18.47
2015 03 24 05   17.67
2015 03 24 06   18.01
2015 03 24 07   17.82
2015 03 24 08   17.18
2015 03 24 09   16.26
2015 03 24 10   15.22
2015 03 24 11   14.18
2015 03 24 12   13.23
2015 03 24 13   12.39
2015 03 24 14   11.64
2015 03 24 15   11.00
2015 03 24 16   10.45
2015 03 24 17    9.98
2015 03 24 18    9.60
2015 03 24 19    9.27
2015 03 24 20    9.00
2015 03 24 21    8.77
2015 03 24 22    8.58
2015 03 24 23    9.85
2015 03 25 00   12.38
2015 03 25 01   14.55
2015 03 25 02   15.32
2015 03 25 03   15.22
2015 03 25 04   14.62
2015 03 25 05   13.77
2015 03 25 06   12.89
2015 03 25 07   12.04
2015 03 25 08   11.31
2015 03 25 09   10.67
2015 03 25 10   10.09
2015 03 25 11    9.60
2015 03 25 12    9.21
2015 03 25 13    8.87
2015 03 25 14    8.60
2015 03 25 15    8.37
2015 03 25 16    8.16
2015 03 25 17    7.98
2015 03 25 18    7.82
2015 03 25 19    7.68
2015 03 25 20    7.55
2015 03 25 21    7.44
2015 03 25 22    7.34
2015 03 25 23    7.25
2015 03 26 00    7.17
2015 03 26 01    7.09
2015 03 26 02    7.02
2015 03 26 03    6.95
2015 03 26 04    6.89
2015 03 26 05    6.82
2015 03 26 06    6.76
2015 03 26 07    6.71
2015 03 26 08    6.65
2015 03 26 09    6.59
2015 03 26 10    6.54
2015 03 26 11    6.49
2015 03 26 12    6.44
2015 03 26 13    6.38
2015 03 26 14    6.34
2015 03 26 15    6.29
2015 03 26 16    6.24
2015 03 26 17    6.19
2015 03 26 18    6.14
2015 03 26 19    6.10
2015 03 26 20    6.05
2015 03 26 21    6.01
2015 03 26 22    5.97
2015 03 26 23    5.92
2015 03 27 00    5.88
2015 03 27 01    5.84
2015 03 27 02    5.80
2015 03 27 03    5.76
2015 03 27 04    5.72
2015 03 27 05    5.68
2015 03 27 06    5.64
2015 03 27 07    5.60
2015 03 27 08    5.56
2015 03 27 09    5.53
2015 03 27 10    5.49
2015 03 27 11    5.46
2015 03 27 12    5.42
2015 03 27 13    5.39
2015 03 27 14    5.35
2015 03 27 15    5.32
2015 03 27 16    5.29
2015 03 27 17    5.25
2015 03 27 18    5.22
2015 03 27 19    5.19
2015 03 27 20    5.16
2015 03 27 21    5.13
2015 03 27 22    5.10
2015 03 27 23    5.07
2015 03 28 00    5.04
2015 03 28 01    5.01
2015 03 28 02    4.98
2015 03 28 03    4.95
2015 03 28 04    4.93
2015 03 28 05    4.90
2015 03 28 06    4.87
2015 03 28 07    4.85
2015 03 28 08    4.82
2015 03 28 09    4.79
2015 03 28 10    4.77
2015 03 28 11    4.74
2015 03 28 12    4.72
2015 03 28 13    4.69
2015 03 28 14    4.67
2015 03 28 15    4.65
2015 03 28 16    4.62
2015 03 28 17    4.60
2015 03 28 18    4.58
2015 03 28 19    4.56
2015 03 28 20    4.53
2015 03 28 21    4.51
2015 03 28 22    4.49
2015 03 28 23    4.47
2015 03 29 00    4.45
2015 03 29 01    4.43
2015 03 29 02    4.41
2015 03 29 03    4.39
2015 03 29 04    4.37
2015 03 29 05    4.35
2015 03 29 06    4.33
2015 03 29 07    4.31
2015 03 29 08    4.29
2015 03 29 09    4.27
2015 03 29 10    4.26
2015 03 29 11    4.24
2015 03 29 12    4.22
2015 03 29 13    4.20
2015 03 29 14    4.19
2015 03 29 15    4.17
2015 03 29 16    4.15
2015 03 29 17    4.14
2015 03 29 18    4.12
2015 03 29 19    4.10
2015 03 29 20    4.09
2015 03 29 21    4.07
2015 03 29 22    4.06
2015 03 29 23    4.04
2015 03 30 00    4.03
2015 03 30 01    4.01
2015 03 30 02    4.00
2015 03 30 03    3.98
2015 03 30 04    3.97
2015 03 30 05    3.95
2015 03 30 06    3.94
2015 03 30 07    3.94
2015 03 30 08    3.95
2015 03 30 09    3.95
2015 03 30 10    3.95
2015 03 30 11    3.95
2015 03 30 12    3.95
2015 03 30 13    3.93
2015 03 30 14    3.92
2015 03 30 15    3.90
2015 03 30 16    3.88
2015 03 30 17    3.86
2015 03 30 18    3.84
2015 03 30 19    3.93
2015 03 30 20    4.04
2015 03 30 21    4.32
2015 03 30 22    5.37
2015 03 30 23    5.96
2015 03 31 00    6.14
2015 03 31 01    6.11
2015 03 31 02    5.96
2015 03 31 03    5.76
2015 03 31 04    6.50
2015 03 31 05    7.19
2015 03 31 06    7.39
2015 03 31 07    7.30
2015 03 31 08    7.09
2015 03 31 09    6.83
2015 03 31 10    6.56
2015 03 31 11    6.31
2015 03 31 12    6.09
2015 03 31 13    5.94
2015 03 31 14    5.78
2015 03 31 15    5.63
2015 03 31 16    5.50
2015 03 31 17    5.37
2015 03 31 18    5.31
2015 03 31 19    5.88
2015 03 31 20    6.63
2015 03 31 21    6.89
2015 03 31 22    6.89
2015 03 31 23    6.75
2015 04 01 00    6.55
2015 04 01 01    6.33
2015 04 01 02    6.12
2015 04 01 03    5.93
2015 04 01 04    5.76
2015 04 01 05    5.61
2015 04 01 06    5.64
2015 04 01 07    5.60
2015 04 01 08    5.53
2015 04 01 09    5.45
2015 04 01 10    5.36
2015 04 01 11    5.28
2015 04 01 12    5.21
2015 04 01 13    5.15
2015 04 01 14    5.09
2015 04 01 15    5.03
2015 04 01 16    4.98
2015 04 01 17    4.94
2015 04 01 18    4.89
2015 04 01 19    4.86
2015 04 01 20    4.85
2015 04 01 21    5.05
2015 04 01 22    5.23
2015 04 01 23    5.35
2015 04 02 00    5.36
2015 04 02 01    5.32
2015 04 02 02    5.69
2015 04 02 03    6.23
2015 04 02 04    6.44
2015 04 02 05    6.44
2015 04 02 06    6.33
2015 04 02 07    6.17
2015 04 02 08    6.00
2015 04 02 09    5.84
2015 04 02 10    5.70
2015 04 02 11    5.57
2015 04 02 12    5.47
2015 04 02 13    5.37
2015 04 02 14    5.28
2015 04 02 15    5.20
2015 04 02 16    5.13
2015 04 02 17    5.06
2015 04 02 18    5.00
2015 04 02 19    4.95
2015 04 02 20    4.90
2015 04 02 21    4.85
2015 04 02 22    4.81
2015 04 02 23    4.77
2015 04 03 00    4.74
2015 04 03 01    4.71
2015 04 03 02    4.68
2015 04 03 03    4.65
2015 04 03 04    4.62
2015 04 03 05    4.59
2015 04 03 06    4.56
2015 04 03 07    4.54
2015 04 03 08    4.51
2015 04 03 09    4.49
2015 04 03 10    4.46
2015 04 03 11    4.44
2015 04 03 12    4.41
2015 04 03 13    4.39
2015 04 03 14    4.37
2015 04 03 15    4.34
2015 04 03 16    4.32
2015 04 03 17    4.30
2015 04 03 18    4.28
2015 04 03 19    4.26
2015 04 03 20    4.24
2015 04 03 21    4.21
2015 04 03 22    4.19
2015 04 03 23    4.17
2015 04 04 00    4.15
2015 04 04 01    4.13
2015 04 04 02    4.12
2015 04 04 03    4.10
2015 04 04 04    4.08
2015 04 04 05    4.06
2015 04 04 06    4.04
2015 04 04 07    4.02
2015 04 04 08    4.01
2015 04 04 09    3.99
2015 04 04 10    3.97
2015 04 04 11    3.95
2015 04 04 12    3.94
2015 04 04 13    3.92
2015 04 04 14    3.90
2015 04 04 15    3.89
2015 04 04 16    3.87
2015 04 04 17    3.86
2015 04 04 18    3.84
2015 04 04 19    3.82
2015 04 04 20    3.81
2015 04 04 21    3.79
2015 04 04 22    3.78
2015 04 04 23    3.76
2015 04 05 00    3.75
2015 04 05 01    3.74
2015 04 05 02    3.72
2015 04 05 03    3.71
2015 04 05 04    3.69
2015 04 05 05    3.68
2015 04 05 06    3.67
2015 04 05 07    3.65
2015 04 05 08    3.64
2015 04 05 09    3.63
2015 04 05 10    3.62
2015 04 05 11    3.60
2015 04 05 12    3.59
2015 04 05 13    3.58
2015 04 05 14    3.57
2015 04 05 15    3.55
2015 04 05 16    3.54
2015 04 05 17    3.53
2015 04 05 18    3.52
2015 04 05 19    3.51
2015 04 05 20    3.49
2015 04 05 21    3.48
2015 04 05 22    3.47
2015 04 05 23    3.68
2015 04 06 00    3.96
2015 04 06 01    4.09
2015 04 06 02    4.12
2015 04 06 03    4.11
2015 04 06 04    4.07
2015 04 06 05    4.02
2015 04 06 06    3.97
2015 04 06 07    3.92
2015 04 06 08    3.87
2015 04 06 09    3.83
2015 04 06 10    3.79
2015 04 06 11    3.76
2015 04 06 12    3.73
2015 04 06 13    3.71
2015 04 06 14    3.68
2015 04 06 15    3.66
2015 04 06 16    3.64
2015 04 06 17    3.63
2015 04 06 18    3.61
2015 04 06 19    3.59
2015 04 06 20    3.58
2015 04 06 21    3.56
2015 04 06 22    3.55
2015 04 06 23    3.53
2015 04 07 00    3.52
2015 04 07 01    3.51
2015 04 07 02    3.59
2015 04 07 03    3.90
2015 04 07 04    4.06
2015 04 07 05    4.12
2015 04 07 06    4.13
2015 04 07 07    4.11
2015 04 07 08    4.07
2015 04 07 09    4.02
2015 04 07 10    3.97
2015 04 07 11    3.93
2015 04 07 12    3.88
2015 04 07 13    3.84
2015 04 07 14    3.81
2015 04 07 15    3.77
2015 04 07 16    3.75
2015 04 07 17    3.72
2015 04 07 18    3.70
2015 04 07 19    3.67
2015 04 07 20    3.65
2015 04 07 21    3.64
2015 04 07 22    3.62
2015 04 07 23    3.60
2015 04 08 00    3.58
2015 04 08 01    3.57
2015 04 08 02    3.55
2015 04 08 03    3.54
2015 04 08 04    3.52
2015 04 08 05    3.51
2015 04 08 06    3.50
2015 04 08 07    3.48
2015 04 08 08    3.47
2015 04 08 09    3.46
2015 04 08 10    3.44
2015 04 08 11    3.43
2015 04 08 12    3.42
2015 04 08 13    3.40
2015 04 08 14    3.39
2015 04 08 15    3.38
2015 04 08 16    3.37
2015 04 08 17    3.36
2015 04 08 18    3.34
2015 04 08 19    3.33
2015 04 08 20    3.32
2015 04 08 21    3.31
2015 04 08 22    3.30
2015 04 08 23    3.29
2015 04 09 00    3.28
2015 04 09 01    3.27
2015 04 09 02    3.25
2015 04 09 03    3.24
2015 04 09 04    3.23
2015 04 09 05    3.22
2015 04 09 06    3.21
2015 04 09 07    3.20
2015 04 09 08    3.19
2015 04 09 09    3.18
2015 04 09 10    3.17
2015 04 09 11    3.16
2015 04 09 12    3.15
2015 04 09 13    3.14
2015 04 09 14    3.13
2015 04 09 15    3.12
2015 04 09 16    3.12
2015 04 09 17    3.11
2015 04 09 18    3.10
2015 04 09 19    3.09
2015 04 09 20    3.08
2015 04 09 21    3.07
2015 04 09 22    3.06
2015 04 09 23    3.05
2015 04 10 00    3.04
2015 04 10 01    3.04
2015 04 10 02    3.03
2015 04 10 03    3.02
2015 04 10 04    3.01
2015 04 10 05    3.00
2015 04 10 06    2.99
2015 04 10 07    2.99
2015 04 10 08    2.98
2015 04 10 09    2.97
2015 04 10 10    2.96
2015 04 10 11    2.96
2015 04 10 12    2.95
2015 04 10 13    2.94
2015 04 10 14    2.93
2015 04 10 15    2.93
2015 04 10 16    2.92
2015 04 10 17    2.91
2015 04 10 18    2.90
2015 04 10 19    2.90
2015 04 10 20    2.89
2015 04 10 21    2.88
2015 04 10 22    2.88
2015 04 10 23    2.87
2015 04 11 00    2.86
2015 04 11 01    2.86
2015 04 11 02    2.85
2015 04 11 03    2.84
2015 04 11 04    2.84
2015 04 11 05    2.83
2015 04 11 06    2.82
2015 04 11 07    2.82
2015 04 11 08    2.81
2015 04 11 09    2.80
2015 04 11 10    2.80
2015 04 11 11    2.79
2015 04 11 12    2.78
2015 04 11 13    2.78
2015 04 11 14    2.77
2015 04 11 15    2.77
2015 04 11 16    2.76
2015 04 11 17    2.75
2015 04 11 18    2.75
2015 04 11 19    2.74
2015 04 11 20    2.74
2015 04 11 21    2.73
2015 04 11 22    2.72
2015 04 11 23    2.72
2015 04 12 00    2.71
2015 04 12 01    2.71
2015 04 12 02    2.70
2015 04 12 03    2.70
2015 04 12 04    2.69
2015 04 12 05    2.68
2015 04 12 06    2.68
2015 04 12 07    2.67
2015 04 12 08    2.67
2015 04 12 09    2.66
2015 04 12 10    2.66
2015 04 12 11    2.65
2015 04 12 12    2.65
2015 04 12 13    2.64
2015 04 12 14    2.64
2015 04 12 15    2.63
2015 04 12 16    2.63
2015 04 12 17    2.62
2015 04 12 18    2.62
2015 04 12 19    2.61
2015 04 12 20    2.61
2015 04 12 21    2.60
2015 04 12 22    2.60
2015 04 12 23    2.59
2015 04 13 00    2.59
2015 04 13 01    2.58
2015 04 13 02    2.58
2015 04 13 03    2.57
2015 04 13 04    2.57
2015 04 13 05    2.56
2015 04 13 06    2.56
2015 04 13 07    2.55
2015 04 13 08    2.55
2015 04 13 09    2.54
2015 04 13 10    2.54
2015 04 13 11    2.53
2015 04 13 12    2.53
2015 04 13 13    2.52
2015 04 13 14    2.52
2015 04 13 15    2.52
2015 04 13 16    2.51
2015 04 13 17    2.51
2015 04 13 18    2.50
2015 04 13 19    2.50
2015 04 13 20    2.49
2015 04 13 21    2.49
2015 04 13 22    2.48
2015 04 13 23    2.48
2015 04 14 00    2.47
2015 04 14 01    2.47
2015 04 14 02    2.47
2015 04 14 03    2.46
2015 04 14 04    2.46
2015 04 14 05    2.45
2015 04 14 06    2.45
2015 04 14 07    2.44
2015 04 14 08    2.44
2015 04 14 09    2.44
2015 04 14 10    2.43
2015 04 14 11    2.43
2015 04 14 12    2.42
2015 04 14 13    2.42
2015 04 14 14    2.42
2015 04 14 15    2.41
2015 04 14 16    2.41
2015 04 14 17    2.40
2015 04 14 18    2.40
2015 04 14 19    2.39
2015 04 14 20    2.39
2015 04 14 21    2.39
2015 04 14 22    2.38
2015 04 14 23    2.38
2015 04 15 00    2.37
2015 04 15 01    2.37
2015 04 15 02    2.37
2015 04 15 03    2.36
2015 04 15 04    2.36
2015 04 15 05    2.36
2015 04 15 06    2.35
2015 04 15 07    2.35
2015 04 15 08    2.34
2015 04 15 09    2.34
