2016-04-01;4.43;0.07;0.00;25.52;1.00
2016-04-02;4.01;0.00;0.00;22.24;1.00
2016-04-03;3.71;0.00;0.00;22.32;1.00
2016-04-04;3.81;0.00;0.00;26.78;1.00
2016-04-05;3.59;0.00;0.00;29.17;1.00
2016-04-06;3.66;0.00;0.00;25.72;1.00
2016-04-07;3.87;0.00;0.00;23.89;1.00
2016-04-08;3.86;0.00;0.00;24.71;1.00
2016-04-09;3.77;0.00;0.00;24.65;1.00
2016-04-10;3.92;0.78;0.00;24.47;1.00
2016-04-11;4.30;4.65;0.00;26.36;1.00
2016-04-12;3.62;0.00;0.00;26.75;1.00
2016-04-13;3.57;0.00;0.00;26.01;1.00
2016-04-14;3.64;0.00;0.00;26.54;1.00
2016-04-15;3.26;0.00;0.00;27.36;1.00
2016-04-16;3.63;0.00;0.00;26.43;1.00
2016-04-17;3.97;0.00;0.00;27.12;1.00
2016-04-18;3.64;0.00;0.00;26.59;1.00
2016-04-19;3.54;0.00;0.00;27.71;1.00
2016-04-20;3.61;0.00;0.00;31.40;1.00
2016-04-21;3.37;0.00;0.00;31.34;1.00
2016-04-22;3.33;0.00;0.00;32.31;1.00
2016-04-23;3.47;0.00;0.00;31.26;1.00
2016-04-24;3.51;0.00;0.00;30.72;1.00
2016-04-25;3.24;65.49;0.00;33.26;1.00
2016-04-26;3.10;29.51;0.00;67.46;1.00
2016-04-27;3.60;0.30;0.00;45.14;1.00
2016-04-28;3.26;0.00;0.00;27.32;1.00
2016-04-29;3.16;0.00;0.00;25.81;1.00
2016-04-30;3.34;0.00;0.00;24.94;1.00
2016-05-01;2.98;0.07;0.00;24.80;1.00
2016-05-02;3.29;0.00;0.00;24.36;1.00
2016-05-03;3.34;0.00;0.00;23.56;1.00
2016-05-04;2.96;0.00;0.00;23.30;1.00
2016-05-05;2.56;0.00;0.00;23.49;1.00
2016-05-06;2.76;0.61;0.00;24.09;1.00
2016-05-07;3.05;6.91;0.00;25.19;1.00
2016-05-08;2.41;52.48;0.00;48.26;1.00
2016-05-09;2.97;85.07;0.00;204.92;1.00
2016-05-10;2.88;10.94;0.00;119.94;1.00
2016-05-11;2.78;0.00;0.00;65.05;1.00
2016-05-12;2.94;0.07;0.00;54.87;1.00
2016-05-13;3.04;0.00;0.00;49.57;1.00
2016-05-14;2.71;0.00;0.00;44.43;1.00
2016-05-15;3.02;0.00;0.00;40.38;1.00
2016-05-16;2.59;7.66;0.00;43.67;1.00
2016-05-17;2.71;0.00;0.00;39.37;1.00
2016-05-18;2.44;15.58;0.00;43.12;1.00
2016-05-19;2.43;0.07;0.00;41.24;1.00
2016-05-20;2.61;5.97;0.00;37.67;1.00
2016-05-21;2.56;2.68;0.00;43.33;1.00
2016-05-22;2.20;7.36;0.00;42.23;1.00
2016-05-23;2.22;0.17;0.00;40.84;1.00
2016-05-24;2.14;0.00;0.00;37.81;0.00
2016-05-25;2.23;0.00;0.00;35.01;1.00
2016-05-26;2.46;0.00;0.00;33.33;1.00
2016-05-27;2.19;4.48;0.00;33.11;1.00
2016-05-28;2.40;34.28;0.00;36.88;1.00
2016-05-29;2.43;12.53;0.00;97.62;1.00
2016-05-30;2.11;16.71;0.00;66.87;1.00
2016-05-31;1.84;4.38;0.00;60.31;1.00
2016-06-01;2.14;15.79;0.00;59.14;1.00
2016-06-02;2.22;0.22;0.00;77.83;1.00
2016-06-03;2.40;0.00;0.00;55.90;1.00
2016-06-04;2.21;40.87;0.00;67.06;1.00
2016-06-05;2.40;15.53;0.00;127.72;1.00
2016-06-06;2.45;22.27;0.00;111.90;1.00
2016-06-07;2.59;0.00;0.00;99.75;1.00
2016-06-08;2.60;0.07;0.00;70.71;1.00
2016-06-09;2.58;0.00;0.00;60.65;1.00
2016-06-10;2.46;0.07;0.00;55.72;1.00
2016-06-11;2.57;0.00;0.00;52.49;1.00
2016-06-12;2.52;0.00;0.00;48.54;1.00
2016-06-13;2.85;0.00;0.00;45.64;1.00
2016-06-14;2.78;0.00;0.00;43.05;1.00
2016-06-15;2.62;0.00;0.00;40.74;1.00
2016-06-16;2.52;0.00;0.00;38.79;1.00
2016-06-17;2.66;0.00;0.00;37.94;1.00
2016-06-18;2.36;0.00;0.00;38.47;1.00
2016-06-19;2.08;0.00;0.00;38.89;1.00
2016-06-20;2.26;0.61;0.00;40.63;1.00
2016-06-21;2.24;0.00;0.00;42.76;1.00
2016-06-22;2.41;3.83;0.00;41.84;1.00
2016-06-23;2.64;0.00;0.00;40.53;1.00
2016-06-24;2.54;0.00;0.00;38.70;1.00
2016-06-25;2.20;0.00;0.00;37.70;1.00
2016-06-26;2.23;0.00;0.00;36.66;1.00
2016-06-27;2.43;0.00;0.00;36.22;1.00
2016-06-28;2.50;0.00;0.00;34.88;1.00
2016-06-29;2.26;0.00;0.00;34.53;1.00
2016-06-30;2.41;0.00;0.00;34.75;1.00
2016-07-01;2.49;0.00;0.00;33.58;1.00
2016-07-02;2.70;0.00;0.00;32.40;1.00
2016-07-03;2.71;0.00;0.00;31.49;1.00
2016-07-04;2.86;0.00;0.00;30.25;1.00
2016-07-05;2.75;0.00;0.00;28.81;1.00
2016-07-06;2.52;5.99;0.00;30.29;1.00
2016-07-07;2.48;0.29;0.00;32.97;1.00
2016-07-08;2.77;0.00;0.00;32.27;1.00
2016-07-09;2.56;0.00;0.00;29.23;1.00
2016-07-10;2.44;0.00;0.00;26.83;1.00
2016-07-11;2.34;0.00;0.00;25.39;1.00
2016-07-12;2.55;0.00;0.00;25.34;1.00
2016-07-13;2.78;0.00;0.00;25.70;1.00
2016-07-14;2.88;0.00;0.00;25.95;1.00
2016-07-15;2.69;2.69;0.00;27.28;1.00
2016-07-16;2.51;52.22;0.00;66.92;1.00
2016-07-17;2.45;0.00;0.00;42.28;1.00
2016-07-18;2.48;0.00;0.00;35.76;1.00
2016-07-19;2.52;0.23;0.00;33.41;1.00
2016-07-20;3.04;0.00;0.00;31.42;1.00
2016-07-21;2.86;0.00;0.00;29.76;1.00
2016-07-22;2.89;0.00;0.00;28.40;1.00
2016-07-23;2.49;0.00;0.00;26.57;1.00
2016-07-24;2.46;0.00;0.00;25.58;1.00
2016-07-25;3.16;0.00;0.00;23.63;1.00
2016-07-26;3.32;0.00;0.00;22.96;1.00
2016-07-27;2.84;0.00;0.00;24.94;1.00
2016-07-28;3.15;0.00;0.00;25.32;1.00
2016-07-29;3.42;0.00;0.00;25.04;1.00
2016-07-30;3.15;0.00;0.00;24.96;1.00
2016-07-31;3.05;0.00;0.00;24.14;1.00
2016-08-01;3.09;0.00;0.00;23.92;1.00
2016-08-02;3.18;0.00;0.00;24.72;1.00
2016-08-03;3.47;0.00;0.00;24.94;1.00
2016-08-04;3.79;0.00;0.00;23.76;1.00
2016-08-05;3.83;0.00;0.00;22.51;1.00
2016-08-06;3.83;0.00;0.00;22.32;1.00
2016-08-07;4.04;0.00;0.00;22.42;1.00
2016-08-08;3.99;0.00;0.00;23.33;1.00
2016-08-09;3.71;18.43;0.00;30.63;1.00
2016-08-10;3.27;0.00;0.00;27.99;1.00
2016-08-11;3.91;0.00;0.00;26.67;1.00
2016-08-12;4.21;0.00;0.00;25.61;1.00
2016-08-13;4.08;0.00;0.00;23.09;1.00
2016-08-14;4.27;0.00;0.00;21.43;1.00
2016-08-15;3.97;6.96;0.00;21.55;1.00
2016-08-16;4.19;9.54;0.00;27.56;1.00
2016-08-17;3.86;0.00;0.00;22.63;1.00
2016-08-18;3.84;24.76;0.00;27.59;1.00
2016-08-19;3.93;7.86;0.00;29.62;1.00
2016-08-20;4.08;54.87;0.00;60.66;1.00
2016-08-21;4.34;1.55;0.00;75.58;1.00
2016-08-22;4.60;0.00;0.00;40.94;1.00
2016-08-23;4.64;0.00;0.00;33.31;1.00
2016-08-24;4.32;0.00;0.00;29.98;1.00
2016-08-25;4.64;0.00;0.00;28.90;1.00
2016-08-26;3.88;0.00;0.00;27.27;1.00
2016-08-27;3.71;0.00;0.00;25.35;1.00
2016-08-28;4.13;0.00;0.00;23.70;1.00
2016-08-29;3.88;10.04;0.00;24.78;1.00
2016-08-30;4.41;13.90;0.00;30.28;1.00
2016-08-31;4.20;0.20;0.00;28.89;1.00
2016-09-01;4.37;0.00;0.00;24.06;1.00
2016-09-02;4.55;0.00;0.00;20.49;1.00
2016-09-03;4.53;19.11;0.00;19.06;1.00
2016-09-04;4.18;2.60;0.00;23.61;1.00
2016-09-05;4.55;6.17;0.00;17.93;1.00
2016-09-06;4.06;1.52;0.00;20.49;1.00
2016-09-07;4.18;0.00;0.00;17.67;1.00
2016-09-08;4.08;0.07;0.00;16.80;1.00
2016-09-09;3.71;0.00;0.00;16.10;1.00
2016-09-10;4.40;0.00;0.00;15.28;1.00
2016-09-11;4.83;0.00;0.00;12.49;1.00
2016-09-12;4.26;0.00;0.00;13.96;1.00
2016-09-13;3.97;2.73;0.00;15.42;1.00
2016-09-14;4.06;0.49;0.00;18.30;1.00
2016-09-15;4.11;0.00;0.00;15.05;1.00
2016-09-16;4.07;0.00;0.00;13.49;1.00
2016-09-17;4.23;0.00;0.00;12.44;1.00
2016-09-18;4.33;0.00;0.00;12.65;1.00
2016-09-19;4.23;15.48;0.00;16.38;1.00
2016-09-20;4.12;0.10;0.00;15.72;1.00
2016-09-21;4.45;0.00;0.00;13.28;1.00
2016-09-22;4.44;0.00;0.00;12.11;1.00
2016-09-23;4.11;0.00;0.00;11.54;1.00
2016-09-24;3.98;0.00;0.00;10.95;1.00
2016-09-25;3.85;0.10;0.00;10.59;1.00
2016-09-26;3.85;0.00;0.00;9.63;1.00
2016-09-27;4.48;0.00;0.00;7.97;1.00
2016-09-28;4.28;0.00;0.00;8.59;1.00
2016-09-29;3.83;0.00;0.00;7.07;1.00
2016-09-30;4.10;0.00;0.00;7.75;1.00
2016-10-01;4.16;0.00;0.00;9.09;1.00
2016-10-02;4.32;0.00;0.00;8.72;1.00
2016-10-03;3.71;8.62;0.00;8.59;1.00
2016-10-04;4.07;0.09;0.00;8.59;1.00
2016-10-05;4.32;0.00;0.00;7.11;1.00
2016-10-06;4.56;2.12;0.00;6.71;1.00
2016-10-07;4.78;0.00;0.00;7.87;1.00
2016-10-08;4.74;0.00;0.00;8.85;1.00
2016-10-09;4.72;0.00;0.00;9.12;1.00
2016-10-10;4.33;0.00;0.00;7.87;1.00
2016-10-11;4.07;0.37;0.00;6.75;1.00
2016-10-12;3.96;3.00;0.00;5.19;1.00
2016-10-13;4.27;11.90;0.00;8.03;1.00
2016-10-14;4.41;21.64;0.00;18.50;1.00
2016-10-15;4.26;0.00;0.00;10.79;1.00
2016-10-16;3.87;0.00;0.00;7.33;1.00
2016-10-17;4.04;0.00;0.00;8.93;1.00
2016-10-18;4.02;0.00;0.00;8.89;1.00
2016-10-19;4.39;0.00;0.00;8.63;1.00
2016-10-20;4.74;7.24;0.00;9.93;1.00
2016-10-21;4.31;0.07;0.00;14.60;1.00
2016-10-22;4.57;0.00;0.00;11.68;1.00
2016-10-23;4.55;1.17;0.00;10.69;1.00
2016-10-24;4.43;19.84;0.00;11.60;1.00
2016-10-25;3.46;0.45;0.00;18.42;1.00
2016-10-26;4.06;45.36;0.00;41.97;1.00
2016-10-27;4.72;3.75;0.00;31.95;1.00
2016-10-28;5.13;0.00;0.00;20.65;1.00
2016-10-29;5.53;0.00;0.00;17.12;1.00
2016-10-30;4.58;0.00;0.00;13.49;1.00
2016-10-31;4.76;0.00;0.00;12.25;1.00
2016-11-01;4.93;0.00;0.00;12.36;1.00
2016-11-02;4.03;15.15;0.00;15.85;1.00
2016-11-03;4.38;0.00;0.00;18.73;1.00
2016-11-04;4.06;0.00;0.00;15.30;1.00
2016-11-05;4.25;0.00;0.00;13.56;1.00
2016-11-06;4.45;0.00;0.00;11.46;1.00
2016-11-07;4.84;0.35;0.00;10.85;1.00
2016-11-08;4.86;0.00;0.00;10.76;1.00
2016-11-09;4.61;0.00;0.00;10.25;1.00
2016-11-10;4.65;0.00;0.00;10.79;1.00
2016-11-11;4.63;8.64;0.00;11.69;1.00
2016-11-12;4.28;0.37;0.00;13.50;1.00
2016-11-13;4.15;0.10;0.00;11.94;1.00
2016-11-14;4.74;0.00;0.00;9.64;1.00
2016-11-15;4.89;2.17;0.00;8.58;1.00
2016-11-16;4.42;0.10;0.00;9.47;1.00
2016-11-17;4.64;0.00;0.00;11.34;1.00
2016-11-18;5.07;0.00;0.00;12.41;1.00
2016-11-19;5.24;0.00;0.00;12.49;1.00
2016-11-20;4.62;0.00;0.00;11.49;1.00
2016-11-21;5.09;0.00;0.00;10.57;1.00
2016-11-22;5.05;0.00;0.00;9.49;1.00
2016-11-23;4.88;0.00;0.00;8.76;1.00
2016-11-24;4.46;0.00;0.00;9.24;1.00
2016-11-25;4.03;0.00;0.00;9.75;1.00
2016-11-26;4.13;16.11;0.00;9.50;1.00
2016-11-27;4.72;11.86;0.00;9.59;1.00
2016-11-28;4.44;16.92;0.00;17.93;1.00
2016-11-29;4.41;0.88;0.00;16.77;1.00
2016-11-30;4.31;0.00;0.00;13.41;1.00
2016-12-01;4.98;0.00;0.00;11.62;1.00
2016-12-02;4.54;3.56;0.00;9.85;1.00
2016-12-03;4.47;17.76;0.00;12.10;1.00
2016-12-04;4.30;0.24;0.00;11.34;1.00
2016-12-05;4.30;0.00;0.00;9.40;1.00
2016-12-06;4.29;18.76;0.00;10.86;1.00
2016-12-07;4.44;0.00;0.00;11.23;1.00
2016-12-08;4.24;2.20;0.00;9.62;1.00
2016-12-09;3.91;14.08;0.00;10.95;1.00
2016-12-10;3.95;43.93;0.00;27.03;1.00
2016-12-11;3.86;21.06;0.00;32.25;1.00
2016-12-12;4.21;0.10;0.00;26.08;1.00
2016-12-13;4.26;0.00;0.00;15.94;1.00
2016-12-14;4.29;0.00;0.00;15.86;1.00
2016-12-15;4.32;0.00;0.00;17.05;1.00
2016-12-16;4.86;0.00;0.00;15.73;1.00
2016-12-17;4.94;0.00;0.00;13.33;1.00
2016-12-18;5.34;36.78;0.00;16.56;1.00
2016-12-19;5.02;11.17;0.00;24.50;1.00
2016-12-20;4.84;8.89;0.00;23.52;1.00
2016-12-21;4.48;0.69;0.00;24.97;1.00
2016-12-22;3.88;1.28;0.00;17.05;1.00
2016-12-23;4.35;2.14;0.00;14.08;1.00
2016-12-24;4.41;0.07;0.00;14.72;1.00
2016-12-25;4.64;0.00;0.00;12.27;1.00
2016-12-26;4.31;0.00;0.00;17.89;1.00
2016-12-27;4.55;4.10;0.00;13.50;1.00
2016-12-28;4.54;12.21;0.00;14.25;1.00
2016-12-29;4.56;0.61;0.00;13.77;1.00
2016-12-30;4.51;0.95;0.00;12.68;1.00
2016-12-31;3.67;29.54;0.00;13.13;1.00
2017-01-01;3.86;31.61;0.00;46.41;1.00
2017-01-02;4.08;0.19;0.00;51.44;1.00
2017-01-03;4.06;3.78;0.00;25.63;1.00
2017-01-04;3.80;41.22;0.00;23.63;1.00
2017-01-05;4.24;0.45;0.00;75.92;1.00
2017-01-06;4.20;0.37;0.00;28.53;1.00
2017-01-07;4.42;0.00;0.00;21.88;1.00
2017-01-08;4.37;0.09;0.00;16.27;1.00
2017-01-09;4.04;23.51;0.00;15.30;1.00
2017-01-10;4.29;5.59;0.00;28.40;1.00
2017-01-11;3.52;2.00;0.00;21.24;1.00
2017-01-12;3.37;4.57;0.00;23.09;1.00
2017-01-13;3.50;0.02;0.00;24.92;1.00
2017-01-14;4.24;0.00;0.00;13.75;1.00
2017-01-15;4.38;0.00;0.00;12.50;1.00
2017-01-16;4.41;1.04;0.00;11.56;1.00
2017-01-17;4.20;20.63;0.00;20.31;1.00
2017-01-18;4.41;16.18;0.00;47.99;1.00
2017-01-19;4.28;2.92;0.00;25.79;1.00
2017-01-20;4.13;9.08;0.00;19.99;1.00
2017-01-21;4.26;0.00;0.00;18.10;1.00
2017-01-22;4.10;6.14;0.00;14.32;1.00
2017-01-23;4.25;7.97;0.00;17.58;1.00
2017-01-24;4.15;5.11;0.00;16.24;1.00
2017-01-25;3.25;14.01;0.00;20.41;1.00
2017-01-26;3.64;0.51;0.00;21.65;1.00
2017-01-27;3.60;0.02;0.00;19.54;1.00
2017-01-28;3.56;0.68;0.00;17.97;1.00
2017-01-29;3.93;10.98;0.00;31.56;1.00
2017-01-30;4.38;9.21;0.00;18.85;1.00
2017-01-31;4.28;0.21;0.00;22.68;1.00
2017-02-01;4.48;4.31;0.00;16.04;1.00
2017-02-02;4.75;2.14;0.00;15.01;1.00
2017-02-03;4.48;16.60;0.00;23.58;1.00
2017-02-04;4.69;0.00;0.00;18.21;1.00
2017-02-05;4.81;0.00;0.00;15.90;1.00
2017-02-06;4.48;0.00;0.00;13.95;1.00
2017-02-07;4.49;5.79;0.00;14.68;1.00
2017-02-08;4.64;4.71;0.00;15.96;1.00
2017-02-09;4.03;0.07;0.00;13.34;1.00
2017-02-10;3.54;0.00;0.00;11.74;1.00
2017-02-11;4.01;0.12;0.00;10.70;1.00
2017-02-12;4.04;5.54;0.00;11.27;1.00
2017-02-13;3.79;25.89;0.00;18.10;1.00
2017-02-14;3.10;8.16;0.00;41.25;0.00
2017-02-15;3.42;0.00;0.00;49.33;0.00
2017-02-16;3.49;33.03;0.00;35.34;0.00
2017-02-17;3.51;1.55;0.00;28.48;1.00
2017-02-18;3.78;0.00;0.00;20.49;1.00
2017-02-19;4.12;0.12;0.00;18.95;1.00
2017-02-20;3.80;0.00;0.00;18.42;1.00
2017-02-21;3.79;0.00;0.00;17.26;1.00
2017-02-22;3.69;2.40;0.00;16.74;1.00
2017-02-23;4.10;29.99;0.00;22.08;1.00
2017-02-24;3.92;0.09;0.00;36.14;1.00
2017-02-25;3.94;0.38;0.00;20.74;1.00
2017-02-26;4.02;0.00;0.00;20.06;1.00
2017-02-27;3.74;0.00;0.00;18.19;1.00
2017-02-28;3.77;2.59;0.00;18.50;1.00
2017-03-01;4.67;4.34;0.00;18.87;1.00
2017-03-02;4.23;10.20;0.00;30.79;1.00
2017-03-03;4.35;6.08;0.00;30.13;1.00
2017-03-04;4.43;0.00;0.00;23.75;1.00
2017-03-05;4.35;20.45;0.00;28.27;1.00
2017-03-06;4.61;0.10;0.00;34.44;1.00
2017-03-07;4.00;0.00;0.00;23.35;1.00
2017-03-08;4.42;0.31;0.00;21.40;1.00
2017-03-09;4.21;0.00;0.00;20.41;1.00
2017-03-10;3.89;5.29;0.00;20.62;1.00
2017-03-11;3.91;0.07;0.00;20.39;1.00
2017-03-12;3.82;11.49;0.00;24.90;1.00
2017-03-13;4.01;0.00;0.00;36.45;1.00
2017-03-14;3.96;0.00;0.00;21.57;1.00
2017-03-15;4.09;0.00;0.00;20.28;1.00
2017-03-16;4.19;0.00;0.00;19.48;1.00
2017-03-17;4.41;40.14;0.00;47.21;1.00
2017-03-18;4.22;7.08;0.00;35.06;1.00
2017-03-19;4.04;0.00;0.00;27.12;1.00
2017-03-20;3.64;0.07;0.00;23.27;1.00
2017-03-21;3.49;0.00;0.00;21.71;1.00
2017-03-22;3.33;0.00;0.00;20.65;1.00
2017-03-23;3.43;0.00;0.00;19.81;1.00
2017-03-24;3.57;0.00;0.00;19.43;1.00
2017-03-25;3.97;0.00;0.00;18.90;1.00
2017-03-26;4.05;0.00;0.00;18.33;1.00
2017-03-27;3.92;2.41;0.00;18.41;1.00
2017-03-28;4.00;0.00;0.00;18.28;1.00
2017-03-29;4.06;0.00;0.00;17.51;1.00
2017-03-30;4.05;0.00;0.00;17.17;1.00
2017-03-31;4.14;0.00;0.00;16.46;1.00
2017-04-01;4.43;0.00;0.00;16.22;1.00
2017-04-02;4.01;0.00;0.00;16.19;1.00
2017-04-03;3.71;0.00;0.00;16.09;1.00
2017-04-04;3.81;0.00;0.00;15.95;1.00
2017-04-05;3.59;54.61;0.00;27.28;1.00
2017-04-06;3.66;22.91;0.00;61.08;1.00
2017-04-07;3.87;0.00;0.00;32.07;1.00
2017-04-08;3.86;0.00;0.00;25.18;1.00
2017-04-09;3.77;0.00;0.00;23.49;1.00
2017-04-10;3.92;0.00;0.00;22.62;1.00
2017-04-11;4.30;0.39;0.00;22.06;1.00
2017-04-12;3.62;1.11;0.00;23.36;1.00
2017-04-13;3.57;0.00;0.00;25.18;1.00
2017-04-14;3.64;0.00;0.00;20.92;1.00
2017-04-15;3.26;0.00;0.00;20.35;1.00
2017-04-16;3.63;8.68;0.00;21.95;1.00
2017-04-17;3.97;0.00;0.00;21.81;1.00
2017-04-18;3.64;0.00;0.00;19.96;1.00
2017-04-19;3.54;0.00;0.00;19.45;1.00
2017-04-20;3.61;16.77;0.00;21.63;1.00
2017-04-21;3.37;1.25;0.00;25.69;1.00
2017-04-22;3.33;0.07;0.00;20.20;1.00
2017-04-23;3.47;0.00;0.00;19.45;1.00
2017-04-24;3.51;0.00;0.00;19.10;1.00
2017-04-25;3.24;0.07;0.00;18.54;1.00
2017-04-26;3.10;36.87;0.00;38.97;1.00
2017-04-27;3.60;0.17;0.00;27.06;0.00
2017-04-28;3.26;0.00;0.00;21.69;0.00
2017-04-29;3.16;0.07;0.00;19.69;0.00
2017-04-30;3.34;0.00;0.00;19.60;1.00
2017-05-01;2.98;14.93;0.00;21.31;1.00
2017-05-02;3.29;0.07;0.00;28.47;1.00
2017-05-03;3.34;0.00;0.00;20.26;1.00
2017-05-04;2.96;51.49;0.00;55.13;1.00
2017-05-05;2.56;0.28;0.00;56.68;1.00
2017-05-06;2.76;0.00;0.00;32.52;1.00
2017-05-07;3.05;0.00;0.00;27.84;1.00
2017-05-08;2.41;0.07;0.00;26.27;1.00
2017-05-09;2.97;0.07;0.00;24.94;1.00
2017-05-10;2.88;0.00;0.00;24.16;1.00
2017-05-11;2.78;0.00;0.00;23.38;1.00
2017-05-12;2.94;0.00;0.00;22.55;1.00
2017-05-13;3.04;5.64;0.00;21.84;1.00
2017-05-14;2.71;7.75;0.00;26.62;1.00
2017-05-15;3.02;0.07;0.00;22.56;1.00
2017-05-16;2.59;0.00;0.00;21.56;1.00
2017-05-17;2.71;2.74;0.00;21.07;1.00
2017-05-18;2.44;24.80;0.00;35.35;1.00
2017-05-19;2.43;73.81;0.00;140.49;1.00
2017-05-20;2.61;9.25;0.00;119.50;1.00
2017-05-21;2.56;51.27;0.00;240.59;1.00
2017-05-22;2.20;0.13;0.00;128.75;1.00
2017-05-23;2.22;0.00;0.00;58.73;1.00
2017-05-24;2.14;0.00;0.00;43.62;1.00
2017-05-25;2.23;0.00;0.00;38.53;1.00
2017-05-26;2.46;0.00;0.00;35.17;1.00
2017-05-27;2.19;0.00;0.00;32.74;1.00
2017-05-28;2.40;0.00;0.00;30.87;1.00
2017-05-29;2.43;0.00;0.00;29.14;1.00
2017-05-30;2.11;0.00;0.00;27.82;1.00
2017-05-31;1.84;0.68;0.00;26.67;1.00
2017-06-01;2.14;0.20;0.00;25.91;1.00
2017-06-02;2.22;0.14;0.00;24.41;1.00
2017-06-03;2.40;0.00;0.00;23.40;1.00
2017-06-04;2.21;6.12;0.00;22.88;1.00
2017-06-05;2.40;10.29;0.00;29.11;1.00
2017-06-06;2.45;12.30;0.00;34.98;1.00
2017-06-07;2.59;0.76;0.00;47.95;1.00
2017-06-08;2.60;10.93;0.00;30.51;1.00
2017-06-09;2.58;0.12;0.00;36.83;1.00
2017-06-10;2.46;0.07;0.00;26.97;1.00
2017-06-11;2.57;0.07;0.00;25.03;1.00
2017-06-12;2.52;0.15;0.00;23.86;1.00
2017-06-13;2.85;29.13;0.00;41.14;1.00
2017-06-14;2.78;0.12;0.00;43.72;1.00
2017-06-15;2.62;0.00;0.00;30.69;1.00
2017-06-16;2.52;0.07;0.00;27.08;1.00
2017-06-17;2.66;0.00;0.00;25.20;1.00
2017-06-18;2.36;0.00;0.00;23.99;1.00
2017-06-19;2.08;4.39;0.00;23.25;1.00
2017-06-20;2.26;3.59;0.00;26.57;1.00
2017-06-21;2.24;0.07;0.00;23.13;1.00
2017-06-22;2.41;0.00;0.00;21.48;1.00
2017-06-23;2.64;0.00;0.00;20.76;1.00
2017-06-24;2.54;0.00;0.00;20.03;1.00
2017-06-25;2.20;0.00;0.00;19.60;1.00
2017-06-26;2.23;0.00;0.00;19.17;1.00
2017-06-27;2.43;0.07;0.00;18.56;1.00
2017-06-28;2.50;0.00;0.00;18.19;1.00
2017-06-29;2.26;0.00;0.00;17.73;1.00
2017-06-30;2.41;0.00;0.00;17.65;1.00
2017-07-01;2.49;0.00;0.00;17.09;1.00
2017-07-02;2.70;0.07;0.00;16.55;1.00
2017-07-03;2.71;0.00;0.00;16.47;1.00
2017-07-04;2.86;0.00;0.00;15.81;1.00
2017-07-05;2.75;0.00;0.00;15.68;1.00
2017-07-06;2.52;0.00;0.00;15.23;1.00
2017-07-07;2.48;0.00;0.00;15.25;1.00
2017-07-08;2.77;0.00;0.00;14.86;1.00
2017-07-09;2.56;0.00;0.00;14.95;1.00
2017-07-10;2.44;0.00;0.00;15.02;1.00
2017-07-11;2.34;0.00;0.00;14.45;1.00
2017-07-12;2.55;0.00;0.00;14.17;1.00
2017-07-13;2.78;0.00;0.00;13.85;1.00
2017-07-14;2.88;0.00;0.00;13.62;1.00
2017-07-15;2.69;0.00;0.00;13.45;1.00
2017-07-16;2.51;0.00;0.00;13.35;1.00
2017-07-17;2.45;0.00;0.00;13.27;1.00
2017-07-18;2.48;0.00;0.00;12.92;1.00
2017-07-19;2.52;0.00;0.00;12.66;1.00
2017-07-20;3.04;0.00;0.00;12.29;1.00
2017-07-21;2.86;0.07;0.00;12.30;1.00
2017-07-22;2.89;0.00;0.00;12.11;1.00
2017-07-23;2.49;0.00;0.00;11.85;1.00
2017-07-24;2.46;0.00;0.00;11.94;1.00
2017-07-25;3.16;0.00;0.00;11.50;1.00
2017-07-26;3.32;0.00;0.00;11.46;1.00
2017-07-27;2.84;0.00;0.00;11.24;1.00
2017-07-28;3.15;0.00;0.00;11.14;1.00
2017-07-29;3.42;0.00;0.00;11.10;1.00
2017-07-30;3.15;0.00;0.00;11.11;1.00
2017-07-31;3.05;0.00;0.00;11.02;1.00
2017-08-01;3.09;0.00;0.00;10.80;1.00
2017-08-02;3.18;0.57;0.00;10.68;1.00
2017-08-03;3.47;2.31;0.00;11.29;1.00
2017-08-04;3.79;0.00;0.00;11.08;1.00
2017-08-05;3.83;0.00;0.00;10.61;1.00
2017-08-06;3.83;0.00;0.00;10.12;1.00
2017-08-07;4.04;0.00;0.00;10.15;1.00
2017-08-08;3.99;0.00;0.00;10.11;1.00
2017-08-09;3.71;0.00;0.00;10.00;1.00
2017-08-10;3.27;0.00;0.00;9.85;1.00
2017-08-11;3.91;0.00;0.00;9.34;1.00
2017-08-12;4.21;0.00;0.00;9.11;1.00
2017-08-13;4.08;32.63;0.00;11.32;1.00
2017-08-14;4.27;1.93;0.00;15.70;1.00
2017-08-15;3.97;47.39;0.00;31.89;1.00
2017-08-16;4.19;19.34;0.00;40.89;1.00
2017-08-17;3.86;1.36;0.00;20.11;1.00
2017-08-18;3.84;0.07;0.00;15.48;1.00
2017-08-19;3.93;19.23;0.00;32.10;1.00
2017-08-20;4.08;35.70;0.00;95.17;1.00
2017-08-21;4.34;0.00;0.00;37.97;1.00
2017-08-22;4.60;0.00;0.00;23.67;1.00
2017-08-23;4.64;0.00;0.00;20.16;1.00
2017-08-24;4.32;0.10;0.00;18.95;1.00
2017-08-25;4.64;0.00;0.00;16.61;1.00
2017-08-26;3.88;0.00;0.00;15.35;1.00
2017-08-27;3.71;0.00;0.00;14.44;1.00
2017-08-28;4.13;0.00;0.00;13.93;1.00
2017-08-29;3.88;0.00;0.00;13.25;1.00
2017-08-30;4.41;0.00;0.00;12.78;1.00
2017-08-31;4.20;0.00;0.00;12.35;1.00
2017-09-01;4.37;0.00;0.00;11.90;1.00
2017-09-02;4.55;0.00;0.00;11.57;1.00
2017-09-03;4.53;0.00;0.00;11.16;1.00
2017-09-04;4.18;0.00;0.00;11.16;1.00
2017-09-05;4.55;0.00;0.00;10.69;1.00
2017-09-06;4.06;0.00;0.00;10.45;1.00
2017-09-07;4.18;0.00;0.00;10.02;1.00
2017-09-08;4.08;0.00;0.00;10.20;1.00
2017-09-09;3.71;0.00;0.00;9.62;1.00
2017-09-10;4.40;0.00;0.00;9.60;1.00
2017-09-11;4.83;0.00;0.00;9.50;1.00
2017-09-12;4.26;0.00;0.00;9.44;1.00
2017-09-13;3.97;0.00;0.00;9.07;1.00
2017-09-14;4.06;0.00;0.00;8.88;1.00
2017-09-15;4.11;0.00;0.00;8.76;1.00
2017-09-16;4.07;0.00;0.00;8.45;1.00
2017-09-17;4.23;0.00;0.00;8.56;1.00
2017-09-18;4.33;0.00;0.00;8.45;1.00
2017-09-19;4.23;0.00;0.00;8.12;1.00
2017-09-20;4.12;0.07;0.00;8.18;1.00
2017-09-21;4.45;2.48;0.00;7.97;1.00
2017-09-22;4.44;0.00;0.00;7.90;1.00
2017-09-23;4.11;0.00;0.00;7.84;1.00
2017-09-24;3.98;0.00;0.00;7.94;1.00
2017-09-25;3.85;0.00;0.00;7.86;1.00
2017-09-26;3.85;0.00;0.00;7.56;1.00
2017-09-27;4.48;0.00;0.00;7.64;1.00
2017-09-28;4.28;3.02;0.00;7.66;1.00
2017-09-29;3.83;30.48;0.00;13.71;1.00
2017-09-30;4.10;3.31;0.00;13.07;1.00
2017-10-01;4.16;18.15;0.00;9.56;1.00
2017-10-02;4.32;18.81;0.00;24.77;0.00
2017-10-03;3.71;0.00;0.00;19.50;0.00
2017-10-04;4.07;0.00;0.00;18.41;0.00
2017-10-05;4.32;0.00;0.00;17.33;0.00
2017-10-06;4.56;0.00;0.00;16.24;0.00
2017-10-07;4.78;33.11;0.00;15.15;0.00
2017-10-08;4.74;18.55;0.00;14.06;0.00
2017-10-09;4.72;0.00;0.00;12.98;0.00
2017-10-10;4.33;0.00;0.00;12.05;0.00
2017-10-11;4.07;0.00;0.00;11.10;1.00
2017-10-12;3.96;0.00;0.00;10.34;1.00
2017-10-13;4.27;0.00;0.00;10.14;1.00
2017-10-14;4.41;1.93;0.00;10.02;1.00
2017-10-15;4.26;0.00;0.00;10.01;1.00
2017-10-16;3.87;0.00;0.00;9.55;1.00
2017-10-17;4.04;0.00;0.00;9.06;1.00
2017-10-18;4.02;0.00;0.00;8.96;1.00
2017-10-19;4.39;15.04;0.00;11.12;1.00
2017-10-20;4.74;0.10;0.00;10.52;1.00
2017-10-21;4.31;12.97;0.00;9.33;1.00
2017-10-22;4.57;21.74;0.00;24.08;1.00
2017-10-23;4.55;0.10;0.00;13.34;1.00
2017-10-24;4.43;0.00;0.00;11.40;1.00
2017-10-25;3.46;10.16;0.00;11.02;1.00
2017-10-26;4.06;15.63;0.00;19.11;1.00
2017-10-27;4.72;63.67;0.00;84.70;1.00
2017-10-28;5.13;1.12;0.00;76.74;1.00
2017-10-29;5.53;0.00;0.00;31.90;1.00
2017-10-30;4.58;66.06;0.00;179.73;1.00
2017-10-31;4.76;0.16;0.00;70.67;1.00
2017-11-01;4.93;0.00;0.00;43.50;1.00
2017-11-02;4.03;0.00;0.00;35.51;1.00
2017-11-03;4.38;11.93;0.00;36.77;1.00
2017-11-04;4.06;32.06;0.00;69.82;1.00
2017-11-05;4.25;0.51;0.00;63.92;1.00
2017-11-06;4.45;7.18;0.00;43.37;1.00
2017-11-07;4.84;0.00;0.00;35.69;1.00
2017-11-08;4.86;3.54;0.00;34.02;1.00
2017-11-09;4.61;0.00;0.00;30.97;1.00
2017-11-10;4.65;9.82;0.00;27.33;1.00
2017-11-11;4.63;0.09;0.00;26.66;1.00
2017-11-12;4.28;0.00;0.00;23.57;1.00
2017-11-13;4.15;0.00;0.00;22.56;1.00
2017-11-14;4.74;0.00;0.00;22.07;1.00
2017-11-15;4.89;0.00;0.00;21.14;1.00
2017-11-16;4.42;6.18;0.00;20.72;1.00
2017-11-17;4.64;0.68;0.00;24.16;1.00
2017-11-18;5.07;6.52;0.00;21.05;1.00
2017-11-19;5.24;0.00;0.00;21.48;1.00
2017-11-20;4.62;29.28;0.00;21.07;1.00
2017-11-21;5.09;14.51;0.00;25.99;1.00
2017-11-22;5.05;0.96;0.00;23.76;1.00
2017-11-23;4.88;0.00;0.00;17.05;1.00
2017-11-24;4.46;0.00;0.00;15.44;1.00
2017-11-25;4.03;11.18;0.00;15.86;1.00
2017-11-26;4.13;1.18;0.00;18.85;1.00
2017-11-27;4.72;37.35;0.00;38.95;1.00
2017-11-28;4.44;0.10;0.00;25.95;1.00
2017-11-29;4.41;0.00;0.00;22.07;1.00
2017-11-30;4.31;0.00;0.00;20.36;1.00
2017-12-01;4.98;0.00;0.00;19.96;1.00
2017-12-02;4.54;0.00;0.00;18.82;1.00
2017-12-03;4.47;0.00;0.00;18.31;1.00
2017-12-04;4.30;0.02;0.00;17.90;1.00
2017-12-05;4.30;1.12;0.00;20.40;1.00
2017-12-06;4.29;1.85;0.00;24.26;1.00
2017-12-07;4.44;17.23;0.00;27.75;1.00
2017-12-08;4.24;0.07;0.00;23.02;1.00
2017-12-09;3.91;0.00;0.00;20.70;1.00
2017-12-10;3.95;0.00;0.00;20.09;1.00
2017-12-11;3.86;0.00;0.00;19.35;1.00
2017-12-12;4.21;0.00;0.00;18.69;1.00
2017-12-13;4.26;0.00;0.00;18.41;1.00
2017-12-14;4.29;0.16;0.00;18.28;1.00
2017-12-15;4.32;0.00;0.00;17.87;1.00
2017-12-16;4.86;0.00;0.00;17.67;1.00
2017-12-17;4.94;0.00;0.00;17.28;1.00
2017-12-18;5.34;16.72;0.00;19.22;1.00
2017-12-19;5.02;0.07;0.00;17.59;1.00
2017-12-20;4.84;14.37;0.00;15.10;1.00
2017-12-21;4.48;5.43;0.00;21.70;1.00
2017-12-22;3.88;1.63;0.00;19.25;1.00
2017-12-23;4.35;4.51;0.00;17.35;1.00
2017-12-24;4.41;25.21;0.00;33.33;1.00
2017-12-25;4.64;19.39;0.00;30.34;1.00
2017-12-26;4.31;12.48;0.00;43.90;1.00
2017-12-27;4.55;19.44;0.00;45.64;1.00
2017-12-28;4.54;3.01;0.00;44.65;1.00
2017-12-29;4.56;25.70;0.00;55.08;1.00
2017-12-30;4.51;9.60;0.00;51.72;1.00
2017-12-31;3.67;2.73;0.00;38.42;1.00
2018-01-01;3.86;28.33;0.00;58.03;1.00
2018-01-02;4.08;71.01;0.00;312.02;1.00
2018-01-03;4.06;0.65;0.00;152.75;1.00
2018-01-04;3.80;0.00;0.00;63.58;1.00
2018-01-05;4.24;0.00;0.00;54.21;1.00
2018-01-06;4.20;13.75;0.00;59.33;1.00
2018-01-07;4.42;1.76;0.00;62.03;1.00
2018-01-08;4.37;0.00;0.00;46.25;1.00
2018-01-09;4.04;6.98;0.00;46.07;1.00
2018-01-10;4.29;5.30;0.00;52.21;1.00
2018-01-11;3.52;0.65;0.00;41.76;1.00
2018-01-12;3.37;25.23;0.00;40.49;1.00
2018-01-13;3.50;25.35;0.00;89.64;1.00
2018-01-14;4.24;10.57;0.00;65.20;1.00
2018-01-15;4.38;19.07;0.00;76.17;1.00
2018-01-16;4.39;4.23;0.00;74.71;1.00
